
SOAP Analysis Report Output for starlink_40_sats_45.orb,
Generated: Mon Jan 09 13:42:17 2023,
Start: 2015/09/12 01:42:00.00, Stop: 2015/09/13 01:42:00.00,
Samples: 25, Step: 3600.000000 s, System: UTC,
TIME_UNITS,     Distance STARLINK-3110 - STARLINK-1580,Distance STARLINK-3110 - STARLINK-2418,Distance STARLINK-3110 - STARLINK-1906,Distance STARLINK-3110 - STARLINK-2641,Distance STARLINK-3110 - STARLINK-1877,Distance STARLINK-3110 - STARLINK-1962,Distance STARLINK-3110 - STARLINK-1079,Distance STARLINK-3110 - STARLINK-2082,Distance STARLINK-3110 - STARLINK-1979,Distance STARLINK-3110 - STARLINK-3595,Distance STARLINK-3110 - STARLINK-2636,Distance STARLINK-3110 - STARLINK-1467,Distance STARLINK-3110 - STARLINK-1549,Distance STARLINK-3110 - STARLINK-2736,Distance STARLINK-3110 - STARLINK-3251,Distance STARLINK-3110 - STARLINK-1933,Distance STARLINK-3110 - STARLINK-3241,Distance STARLINK-3110 - STARLINK-2487,Distance STARLINK-3110 - STARLINK-2427,Distance STARLINK-3110 - STARLINK-2373,Distance STARLINK-3110 - STARLINK-1444,Distance STARLINK-3110 - STARLINK-1323,Distance STARLINK-3110 - STARLINK-1027,Distance STARLINK-3110 - STARLINK-1455,Distance STARLINK-3110 - STARLINK-2242,Distance STARLINK-3110 - STARLINK-3745,Distance STARLINK-3110 - STARLINK-1961,Distance STARLINK-3110 - STARLINK-1681,Distance STARLINK-3110 - STARLINK-3203,Distance STARLINK-3110 - STARLINK-1938,Distance STARLINK-3110 - STARLINK-3053,Distance STARLINK-3110 - STARLINK-3314,Distance STARLINK-3110 - STARLINK-3196,Distance STARLINK-3110 - STARLINK-3877,Distance STARLINK-3110 - STARLINK-1651,Distance STARLINK-3110 - STARLINK-1804,Distance STARLINK-3110 - STARLINK-1062,Distance STARLINK-3110 - STARLINK-3108,Distance STARLINK-3110 - STARLINK-2121,Distance STARLINK-3110 - IOAG-Equatorial,Distance STARLINK-3110 - IOAG-North1,Distance STARLINK-3110 - IOAG-North2,Distance STARLINK-3110 - IOAG-South1,Distance STARLINK-3110 - IOAG-South2,Distance STARLINK-1580 - STARLINK-2418,Distance STARLINK-1580 - STARLINK-1906,Distance STARLINK-1580 - STARLINK-2641,Distance STARLINK-1580 - STARLINK-1877,Distance STARLINK-1580 - STARLINK-1962,Distance STARLINK-1580 - STARLINK-1079,Distance STARLINK-1580 - STARLINK-2082,Distance STARLINK-1580 - STARLINK-1979,Distance STARLINK-1580 - STARLINK-3595,Distance STARLINK-1580 - STARLINK-2636,Distance STARLINK-1580 - STARLINK-1467,Distance STARLINK-1580 - STARLINK-1549,Distance STARLINK-1580 - STARLINK-2736,Distance STARLINK-1580 - STARLINK-3251,Distance STARLINK-1580 - STARLINK-1933,Distance STARLINK-1580 - STARLINK-3241,Distance STARLINK-1580 - STARLINK-2487,Distance STARLINK-1580 - STARLINK-2427,Distance STARLINK-1580 - STARLINK-2373,Distance STARLINK-1580 - STARLINK-1444,Distance STARLINK-1580 - STARLINK-1323,Distance STARLINK-1580 - STARLINK-1027,Distance STARLINK-1580 - STARLINK-1455,Distance STARLINK-1580 - STARLINK-2242,Distance STARLINK-1580 - STARLINK-3745,Distance STARLINK-1580 - STARLINK-1961,Distance STARLINK-1580 - STARLINK-1681,Distance STARLINK-1580 - STARLINK-3203,Distance STARLINK-1580 - STARLINK-1938,Distance STARLINK-1580 - STARLINK-3053,Distance STARLINK-1580 - STARLINK-3314,Distance STARLINK-1580 - STARLINK-3196,Distance STARLINK-1580 - STARLINK-3877,Distance STARLINK-1580 - STARLINK-1651,Distance STARLINK-1580 - STARLINK-1804,Distance STARLINK-1580 - STARLINK-1062,Distance STARLINK-1580 - STARLINK-3108,Distance STARLINK-1580 - STARLINK-2121,Distance STARLINK-1580 - IOAG-Equatorial,Distance STARLINK-1580 - IOAG-North1,Distance STARLINK-1580 - IOAG-North2,Distance STARLINK-1580 - IOAG-South1,Distance STARLINK-1580 - IOAG-South2,Distance STARLINK-2418 - STARLINK-1906,Distance STARLINK-2418 - STARLINK-2641,Distance STARLINK-2418 - STARLINK-1877,Distance STARLINK-2418 - STARLINK-1962,Distance STARLINK-2418 - STARLINK-1079,Distance STARLINK-2418 - STARLINK-2082,Distance STARLINK-2418 - STARLINK-1979,Distance STARLINK-2418 - STARLINK-3595,Distance STARLINK-2418 - STARLINK-2636,Distance STARLINK-2418 - STARLINK-1467,Distance STARLINK-2418 - STARLINK-1549,Distance STARLINK-2418 - STARLINK-2736,Distance STARLINK-2418 - STARLINK-3251,Distance STARLINK-2418 - STARLINK-1933,Distance STARLINK-2418 - STARLINK-3241,Distance STARLINK-2418 - STARLINK-2487,Distance STARLINK-2418 - STARLINK-2427,Distance STARLINK-2418 - STARLINK-2373,Distance STARLINK-2418 - STARLINK-1444,Distance STARLINK-2418 - STARLINK-1323,Distance STARLINK-2418 - STARLINK-1027,Distance STARLINK-2418 - STARLINK-1455,Distance STARLINK-2418 - STARLINK-2242,Distance STARLINK-2418 - STARLINK-3745,Distance STARLINK-2418 - STARLINK-1961,Distance STARLINK-2418 - STARLINK-1681,Distance STARLINK-2418 - STARLINK-3203,Distance STARLINK-2418 - STARLINK-1938,Distance STARLINK-2418 - STARLINK-3053,Distance STARLINK-2418 - STARLINK-3314,Distance STARLINK-2418 - STARLINK-3196,Distance STARLINK-2418 - STARLINK-3877,Distance STARLINK-2418 - STARLINK-1651,Distance STARLINK-2418 - STARLINK-1804,Distance STARLINK-2418 - STARLINK-1062,Distance STARLINK-2418 - STARLINK-3108,Distance STARLINK-2418 - STARLINK-2121,Distance STARLINK-2418 - IOAG-Equatorial,Distance STARLINK-2418 - IOAG-North1,Distance STARLINK-2418 - IOAG-North2,Distance STARLINK-2418 - IOAG-South1,Distance STARLINK-2418 - IOAG-South2,Distance STARLINK-1906 - STARLINK-2641,Distance STARLINK-1906 - STARLINK-1877,Distance STARLINK-1906 - STARLINK-1962,Distance STARLINK-1906 - STARLINK-1079,Distance STARLINK-1906 - STARLINK-2082,Distance STARLINK-1906 - STARLINK-1979,Distance STARLINK-1906 - STARLINK-3595,Distance STARLINK-1906 - STARLINK-2636,Distance STARLINK-1906 - STARLINK-1467,Distance STARLINK-1906 - STARLINK-1549,Distance STARLINK-1906 - STARLINK-2736,Distance STARLINK-1906 - STARLINK-3251,Distance STARLINK-1906 - STARLINK-1933,Distance STARLINK-1906 - STARLINK-3241,Distance STARLINK-1906 - STARLINK-2487,Distance STARLINK-1906 - STARLINK-2427,Distance STARLINK-1906 - STARLINK-2373,Distance STARLINK-1906 - STARLINK-1444,Distance STARLINK-1906 - STARLINK-1323,Distance STARLINK-1906 - STARLINK-1027,Distance STARLINK-1906 - STARLINK-1455,Distance STARLINK-1906 - STARLINK-2242,Distance STARLINK-1906 - STARLINK-3745,Distance STARLINK-1906 - STARLINK-1961,Distance STARLINK-1906 - STARLINK-1681,Distance STARLINK-1906 - STARLINK-3203,Distance STARLINK-1906 - STARLINK-1938,Distance STARLINK-1906 - STARLINK-3053,Distance STARLINK-1906 - STARLINK-3314,Distance STARLINK-1906 - STARLINK-3196,Distance STARLINK-1906 - STARLINK-3877,Distance STARLINK-1906 - STARLINK-1651,Distance STARLINK-1906 - STARLINK-1804,Distance STARLINK-1906 - STARLINK-1062,Distance STARLINK-1906 - STARLINK-3108,Distance STARLINK-1906 - STARLINK-2121,Distance STARLINK-1906 - IOAG-Equatorial,Distance STARLINK-1906 - IOAG-North1,Distance STARLINK-1906 - IOAG-North2,Distance STARLINK-1906 - IOAG-South1,Distance STARLINK-1906 - IOAG-South2,Distance STARLINK-2641 - STARLINK-1877,Distance STARLINK-2641 - STARLINK-1962,Distance STARLINK-2641 - STARLINK-1079,Distance STARLINK-2641 - STARLINK-2082,Distance STARLINK-2641 - STARLINK-1979,Distance STARLINK-2641 - STARLINK-3595,Distance STARLINK-2641 - STARLINK-2636,Distance STARLINK-2641 - STARLINK-1467,Distance STARLINK-2641 - STARLINK-1549,Distance STARLINK-2641 - STARLINK-2736,Distance STARLINK-2641 - STARLINK-3251,Distance STARLINK-2641 - STARLINK-1933,Distance STARLINK-2641 - STARLINK-3241,Distance STARLINK-2641 - STARLINK-2487,Distance STARLINK-2641 - STARLINK-2427,Distance STARLINK-2641 - STARLINK-2373,Distance STARLINK-2641 - STARLINK-1444,Distance STARLINK-2641 - STARLINK-1323,Distance STARLINK-2641 - STARLINK-1027,Distance STARLINK-2641 - STARLINK-1455,Distance STARLINK-2641 - STARLINK-2242,Distance STARLINK-2641 - STARLINK-3745,Distance STARLINK-2641 - STARLINK-1961,Distance STARLINK-2641 - STARLINK-1681,Distance STARLINK-2641 - STARLINK-3203,Distance STARLINK-2641 - STARLINK-1938,Distance STARLINK-2641 - STARLINK-3053,Distance STARLINK-2641 - STARLINK-3314,Distance STARLINK-2641 - STARLINK-3196,Distance STARLINK-2641 - STARLINK-3877,Distance STARLINK-2641 - STARLINK-1651,Distance STARLINK-2641 - STARLINK-1804,Distance STARLINK-2641 - STARLINK-1062,Distance STARLINK-2641 - STARLINK-3108,Distance STARLINK-2641 - STARLINK-2121,Distance STARLINK-2641 - IOAG-Equatorial,Distance STARLINK-2641 - IOAG-North1,Distance STARLINK-2641 - IOAG-North2,Distance STARLINK-2641 - IOAG-South1,Distance STARLINK-2641 - IOAG-South2,Distance STARLINK-1877 - STARLINK-1962,Distance STARLINK-1877 - STARLINK-1079,Distance STARLINK-1877 - STARLINK-2082,Distance STARLINK-1877 - STARLINK-1979,Distance STARLINK-1877 - STARLINK-3595,Distance STARLINK-1877 - STARLINK-2636,Distance STARLINK-1877 - STARLINK-1467,Distance STARLINK-1877 - STARLINK-1549,Distance STARLINK-1877 - STARLINK-2736,Distance STARLINK-1877 - STARLINK-3251,Distance STARLINK-1877 - STARLINK-1933,Distance STARLINK-1877 - STARLINK-3241,Distance STARLINK-1877 - STARLINK-2487,Distance STARLINK-1877 - STARLINK-2427,Distance STARLINK-1877 - STARLINK-2373,Distance STARLINK-1877 - STARLINK-1444,Distance STARLINK-1877 - STARLINK-1323,Distance STARLINK-1877 - STARLINK-1027,Distance STARLINK-1877 - STARLINK-1455,Distance STARLINK-1877 - STARLINK-2242,Distance STARLINK-1877 - STARLINK-3745,Distance STARLINK-1877 - STARLINK-1961,Distance STARLINK-1877 - STARLINK-1681,Distance STARLINK-1877 - STARLINK-3203,Distance STARLINK-1877 - STARLINK-1938,Distance STARLINK-1877 - STARLINK-3053,Distance STARLINK-1877 - STARLINK-3314,Distance STARLINK-1877 - STARLINK-3196,Distance STARLINK-1877 - STARLINK-3877,Distance STARLINK-1877 - STARLINK-1651,Distance STARLINK-1877 - STARLINK-1804,Distance STARLINK-1877 - STARLINK-1062,Distance STARLINK-1877 - STARLINK-3108,Distance STARLINK-1877 - STARLINK-2121,Distance STARLINK-1877 - IOAG-Equatorial,Distance STARLINK-1877 - IOAG-North1,Distance STARLINK-1877 - IOAG-North2,Distance STARLINK-1877 - IOAG-South1,Distance STARLINK-1877 - IOAG-South2,Distance STARLINK-1962 - STARLINK-1079,Distance STARLINK-1962 - STARLINK-2082,Distance STARLINK-1962 - STARLINK-1979,Distance STARLINK-1962 - STARLINK-3595,Distance STARLINK-1962 - STARLINK-2636,Distance STARLINK-1962 - STARLINK-1467,Distance STARLINK-1962 - STARLINK-1549,Distance STARLINK-1962 - STARLINK-2736,Distance STARLINK-1962 - STARLINK-3251,Distance STARLINK-1962 - STARLINK-1933,Distance STARLINK-1962 - STARLINK-3241,Distance STARLINK-1962 - STARLINK-2487,Distance STARLINK-1962 - STARLINK-2427,Distance STARLINK-1962 - STARLINK-2373,Distance STARLINK-1962 - STARLINK-1444,Distance STARLINK-1962 - STARLINK-1323,Distance STARLINK-1962 - STARLINK-1027,Distance STARLINK-1962 - STARLINK-1455,Distance STARLINK-1962 - STARLINK-2242,Distance STARLINK-1962 - STARLINK-3745,Distance STARLINK-1962 - STARLINK-1961,Distance STARLINK-1962 - STARLINK-1681,Distance STARLINK-1962 - STARLINK-3203,Distance STARLINK-1962 - STARLINK-1938,Distance STARLINK-1962 - STARLINK-3053,Distance STARLINK-1962 - STARLINK-3314,Distance STARLINK-1962 - STARLINK-3196,Distance STARLINK-1962 - STARLINK-3877,Distance STARLINK-1962 - STARLINK-1651,Distance STARLINK-1962 - STARLINK-1804,Distance STARLINK-1962 - STARLINK-1062,Distance STARLINK-1962 - STARLINK-3108,Distance STARLINK-1962 - STARLINK-2121,Distance STARLINK-1962 - IOAG-Equatorial,Distance STARLINK-1962 - IOAG-North1,Distance STARLINK-1962 - IOAG-North2,Distance STARLINK-1962 - IOAG-South1,Distance STARLINK-1962 - IOAG-South2,Distance STARLINK-1079 - STARLINK-2082,Distance STARLINK-1079 - STARLINK-1979,Distance STARLINK-1079 - STARLINK-3595,Distance STARLINK-1079 - STARLINK-2636,Distance STARLINK-1079 - STARLINK-1467,Distance STARLINK-1079 - STARLINK-1549,Distance STARLINK-1079 - STARLINK-2736,Distance STARLINK-1079 - STARLINK-3251,Distance STARLINK-1079 - STARLINK-1933,Distance STARLINK-1079 - STARLINK-3241,Distance STARLINK-1079 - STARLINK-2487,Distance STARLINK-1079 - STARLINK-2427,Distance STARLINK-1079 - STARLINK-2373,Distance STARLINK-1079 - STARLINK-1444,Distance STARLINK-1079 - STARLINK-1323,Distance STARLINK-1079 - STARLINK-1027,Distance STARLINK-1079 - STARLINK-1455,Distance STARLINK-1079 - STARLINK-2242,Distance STARLINK-1079 - STARLINK-3745,Distance STARLINK-1079 - STARLINK-1961,Distance STARLINK-1079 - STARLINK-1681,Distance STARLINK-1079 - STARLINK-3203,Distance STARLINK-1079 - STARLINK-1938,Distance STARLINK-1079 - STARLINK-3053,Distance STARLINK-1079 - STARLINK-3314,Distance STARLINK-1079 - STARLINK-3196,Distance STARLINK-1079 - STARLINK-3877,Distance STARLINK-1079 - STARLINK-1651,Distance STARLINK-1079 - STARLINK-1804,Distance STARLINK-1079 - STARLINK-1062,Distance STARLINK-1079 - STARLINK-3108,Distance STARLINK-1079 - STARLINK-2121,Distance STARLINK-1079 - IOAG-Equatorial,Distance STARLINK-1079 - IOAG-North1,Distance STARLINK-1079 - IOAG-North2,Distance STARLINK-1079 - IOAG-South1,Distance STARLINK-1079 - IOAG-South2,Distance STARLINK-2082 - STARLINK-1979,Distance STARLINK-2082 - STARLINK-3595,Distance STARLINK-2082 - STARLINK-2636,Distance STARLINK-2082 - STARLINK-1467,Distance STARLINK-2082 - STARLINK-1549,Distance STARLINK-2082 - STARLINK-2736,Distance STARLINK-2082 - STARLINK-3251,Distance STARLINK-2082 - STARLINK-1933,Distance STARLINK-2082 - STARLINK-3241,Distance STARLINK-2082 - STARLINK-2487,Distance STARLINK-2082 - STARLINK-2427,Distance STARLINK-2082 - STARLINK-2373,Distance STARLINK-2082 - STARLINK-1444,Distance STARLINK-2082 - STARLINK-1323,Distance STARLINK-2082 - STARLINK-1027,Distance STARLINK-2082 - STARLINK-1455,Distance STARLINK-2082 - STARLINK-2242,Distance STARLINK-2082 - STARLINK-3745,Distance STARLINK-2082 - STARLINK-1961,Distance STARLINK-2082 - STARLINK-1681,Distance STARLINK-2082 - STARLINK-3203,Distance STARLINK-2082 - STARLINK-1938,Distance STARLINK-2082 - STARLINK-3053,Distance STARLINK-2082 - STARLINK-3314,Distance STARLINK-2082 - STARLINK-3196,Distance STARLINK-2082 - STARLINK-3877,Distance STARLINK-2082 - STARLINK-1651,Distance STARLINK-2082 - STARLINK-1804,Distance STARLINK-2082 - STARLINK-1062,Distance STARLINK-2082 - STARLINK-3108,Distance STARLINK-2082 - STARLINK-2121,Distance STARLINK-2082 - IOAG-Equatorial,Distance STARLINK-2082 - IOAG-North1,Distance STARLINK-2082 - IOAG-North2,Distance STARLINK-2082 - IOAG-South1,Distance STARLINK-2082 - IOAG-South2,Distance STARLINK-1979 - STARLINK-3595,Distance STARLINK-1979 - STARLINK-2636,Distance STARLINK-1979 - STARLINK-1467,Distance STARLINK-1979 - STARLINK-1549,Distance STARLINK-1979 - STARLINK-2736,Distance STARLINK-1979 - STARLINK-3251,Distance STARLINK-1979 - STARLINK-1933,Distance STARLINK-1979 - STARLINK-3241,Distance STARLINK-1979 - STARLINK-2487,Distance STARLINK-1979 - STARLINK-2427,Distance STARLINK-1979 - STARLINK-2373,Distance STARLINK-1979 - STARLINK-1444,Distance STARLINK-1979 - STARLINK-1323,Distance STARLINK-1979 - STARLINK-1027,Distance STARLINK-1979 - STARLINK-1455,Distance STARLINK-1979 - STARLINK-2242,Distance STARLINK-1979 - STARLINK-3745,Distance STARLINK-1979 - STARLINK-1961,Distance STARLINK-1979 - STARLINK-1681,Distance STARLINK-1979 - STARLINK-3203,Distance STARLINK-1979 - STARLINK-1938,Distance STARLINK-1979 - STARLINK-3053,Distance STARLINK-1979 - STARLINK-3314,Distance STARLINK-1979 - STARLINK-3196,Distance STARLINK-1979 - STARLINK-3877,Distance STARLINK-1979 - STARLINK-1651,Distance STARLINK-1979 - STARLINK-1804,Distance STARLINK-1979 - STARLINK-1062,Distance STARLINK-1979 - STARLINK-3108,Distance STARLINK-1979 - STARLINK-2121,Distance STARLINK-1979 - IOAG-Equatorial,Distance STARLINK-1979 - IOAG-North1,Distance STARLINK-1979 - IOAG-North2,Distance STARLINK-1979 - IOAG-South1,Distance STARLINK-1979 - IOAG-South2,Distance STARLINK-3595 - STARLINK-2636,Distance STARLINK-3595 - STARLINK-1467,Distance STARLINK-3595 - STARLINK-1549,Distance STARLINK-3595 - STARLINK-2736,Distance STARLINK-3595 - STARLINK-3251,Distance STARLINK-3595 - STARLINK-1933,Distance STARLINK-3595 - STARLINK-3241,Distance STARLINK-3595 - STARLINK-2487,Distance STARLINK-3595 - STARLINK-2427,Distance STARLINK-3595 - STARLINK-2373,Distance STARLINK-3595 - STARLINK-1444,Distance STARLINK-3595 - STARLINK-1323,Distance STARLINK-3595 - STARLINK-1027,Distance STARLINK-3595 - STARLINK-1455,Distance STARLINK-3595 - STARLINK-2242,Distance STARLINK-3595 - STARLINK-3745,Distance STARLINK-3595 - STARLINK-1961,Distance STARLINK-3595 - STARLINK-1681,Distance STARLINK-3595 - STARLINK-3203,Distance STARLINK-3595 - STARLINK-1938,Distance STARLINK-3595 - STARLINK-3053,Distance STARLINK-3595 - STARLINK-3314,Distance STARLINK-3595 - STARLINK-3196,Distance STARLINK-3595 - STARLINK-3877,Distance STARLINK-3595 - STARLINK-1651,Distance STARLINK-3595 - STARLINK-1804,Distance STARLINK-3595 - STARLINK-1062,Distance STARLINK-3595 - STARLINK-3108,Distance STARLINK-3595 - STARLINK-2121,Distance STARLINK-3595 - IOAG-Equatorial,Distance STARLINK-3595 - IOAG-North1,Distance STARLINK-3595 - IOAG-North2,Distance STARLINK-3595 - IOAG-South1,Distance STARLINK-3595 - IOAG-South2,Distance STARLINK-2636 - STARLINK-1467,Distance STARLINK-2636 - STARLINK-1549,Distance STARLINK-2636 - STARLINK-2736,Distance STARLINK-2636 - STARLINK-3251,Distance STARLINK-2636 - STARLINK-1933,Distance STARLINK-2636 - STARLINK-3241,Distance STARLINK-2636 - STARLINK-2487,Distance STARLINK-2636 - STARLINK-2427,Distance STARLINK-2636 - STARLINK-2373,Distance STARLINK-2636 - STARLINK-1444,Distance STARLINK-2636 - STARLINK-1323,Distance STARLINK-2636 - STARLINK-1027,Distance STARLINK-2636 - STARLINK-1455,Distance STARLINK-2636 - STARLINK-2242,Distance STARLINK-2636 - STARLINK-3745,Distance STARLINK-2636 - STARLINK-1961,Distance STARLINK-2636 - STARLINK-1681,Distance STARLINK-2636 - STARLINK-3203,Distance STARLINK-2636 - STARLINK-1938,Distance STARLINK-2636 - STARLINK-3053,Distance STARLINK-2636 - STARLINK-3314,Distance STARLINK-2636 - STARLINK-3196,Distance STARLINK-2636 - STARLINK-3877,Distance STARLINK-2636 - STARLINK-1651,Distance STARLINK-2636 - STARLINK-1804,Distance STARLINK-2636 - STARLINK-1062,Distance STARLINK-2636 - STARLINK-3108,Distance STARLINK-2636 - STARLINK-2121,Distance STARLINK-2636 - IOAG-Equatorial,Distance STARLINK-2636 - IOAG-North1,Distance STARLINK-2636 - IOAG-North2,Distance STARLINK-2636 - IOAG-South1,Distance STARLINK-2636 - IOAG-South2,Distance STARLINK-1467 - STARLINK-1549,Distance STARLINK-1467 - STARLINK-2736,Distance STARLINK-1467 - STARLINK-3251,Distance STARLINK-1467 - STARLINK-1933,Distance STARLINK-1467 - STARLINK-3241,Distance STARLINK-1467 - STARLINK-2487,Distance STARLINK-1467 - STARLINK-2427,Distance STARLINK-1467 - STARLINK-2373,Distance STARLINK-1467 - STARLINK-1444,Distance STARLINK-1467 - STARLINK-1323,Distance STARLINK-1467 - STARLINK-1027,Distance STARLINK-1467 - STARLINK-1455,Distance STARLINK-1467 - STARLINK-2242,Distance STARLINK-1467 - STARLINK-3745,Distance STARLINK-1467 - STARLINK-1961,Distance STARLINK-1467 - STARLINK-1681,Distance STARLINK-1467 - STARLINK-3203,Distance STARLINK-1467 - STARLINK-1938,Distance STARLINK-1467 - STARLINK-3053,Distance STARLINK-1467 - STARLINK-3314,Distance STARLINK-1467 - STARLINK-3196,Distance STARLINK-1467 - STARLINK-3877,Distance STARLINK-1467 - STARLINK-1651,Distance STARLINK-1467 - STARLINK-1804,Distance STARLINK-1467 - STARLINK-1062,Distance STARLINK-1467 - STARLINK-3108,Distance STARLINK-1467 - STARLINK-2121,Distance STARLINK-1467 - IOAG-Equatorial,Distance STARLINK-1467 - IOAG-North1,Distance STARLINK-1467 - IOAG-North2,Distance STARLINK-1467 - IOAG-South1,Distance STARLINK-1467 - IOAG-South2,Distance STARLINK-1549 - STARLINK-2736,Distance STARLINK-1549 - STARLINK-3251,Distance STARLINK-1549 - STARLINK-1933,Distance STARLINK-1549 - STARLINK-3241,Distance STARLINK-1549 - STARLINK-2487,Distance STARLINK-1549 - STARLINK-2427,Distance STARLINK-1549 - STARLINK-2373,Distance STARLINK-1549 - STARLINK-1444,Distance STARLINK-1549 - STARLINK-1323,Distance STARLINK-1549 - STARLINK-1027,Distance STARLINK-1549 - STARLINK-1455,Distance STARLINK-1549 - STARLINK-2242,Distance STARLINK-1549 - STARLINK-3745,Distance STARLINK-1549 - STARLINK-1961,Distance STARLINK-1549 - STARLINK-1681,Distance STARLINK-1549 - STARLINK-3203,Distance STARLINK-1549 - STARLINK-1938,Distance STARLINK-1549 - STARLINK-3053,Distance STARLINK-1549 - STARLINK-3314,Distance STARLINK-1549 - STARLINK-3196,Distance STARLINK-1549 - STARLINK-3877,Distance STARLINK-1549 - STARLINK-1651,Distance STARLINK-1549 - STARLINK-1804,Distance STARLINK-1549 - STARLINK-1062,Distance STARLINK-1549 - STARLINK-3108,Distance STARLINK-1549 - STARLINK-2121,Distance STARLINK-1549 - IOAG-Equatorial,Distance STARLINK-1549 - IOAG-North1,Distance STARLINK-1549 - IOAG-North2,Distance STARLINK-1549 - IOAG-South1,Distance STARLINK-1549 - IOAG-South2,Distance STARLINK-2736 - STARLINK-3251,Distance STARLINK-2736 - STARLINK-1933,Distance STARLINK-2736 - STARLINK-3241,Distance STARLINK-2736 - STARLINK-2487,Distance STARLINK-2736 - STARLINK-2427,Distance STARLINK-2736 - STARLINK-2373,Distance STARLINK-2736 - STARLINK-1444,Distance STARLINK-2736 - STARLINK-1323,Distance STARLINK-2736 - STARLINK-1027,Distance STARLINK-2736 - STARLINK-1455,Distance STARLINK-2736 - STARLINK-2242,Distance STARLINK-2736 - STARLINK-3745,Distance STARLINK-2736 - STARLINK-1961,Distance STARLINK-2736 - STARLINK-1681,Distance STARLINK-2736 - STARLINK-3203,Distance STARLINK-2736 - STARLINK-1938,Distance STARLINK-2736 - STARLINK-3053,Distance STARLINK-2736 - STARLINK-3314,Distance STARLINK-2736 - STARLINK-3196,Distance STARLINK-2736 - STARLINK-3877,Distance STARLINK-2736 - STARLINK-1651,Distance STARLINK-2736 - STARLINK-1804,Distance STARLINK-2736 - STARLINK-1062,Distance STARLINK-2736 - STARLINK-3108,Distance STARLINK-2736 - STARLINK-2121,Distance STARLINK-2736 - IOAG-Equatorial,Distance STARLINK-2736 - IOAG-North1,Distance STARLINK-2736 - IOAG-North2,Distance STARLINK-2736 - IOAG-South1,Distance STARLINK-2736 - IOAG-South2,Distance STARLINK-3251 - STARLINK-1933,Distance STARLINK-3251 - STARLINK-3241,Distance STARLINK-3251 - STARLINK-2487,Distance STARLINK-3251 - STARLINK-2427,Distance STARLINK-3251 - STARLINK-2373,Distance STARLINK-3251 - STARLINK-1444,Distance STARLINK-3251 - STARLINK-1323,Distance STARLINK-3251 - STARLINK-1027,Distance STARLINK-3251 - STARLINK-1455,Distance STARLINK-3251 - STARLINK-2242,Distance STARLINK-3251 - STARLINK-3745,Distance STARLINK-3251 - STARLINK-1961,Distance STARLINK-3251 - STARLINK-1681,Distance STARLINK-3251 - STARLINK-3203,Distance STARLINK-3251 - STARLINK-1938,Distance STARLINK-3251 - STARLINK-3053,Distance STARLINK-3251 - STARLINK-3314,Distance STARLINK-3251 - STARLINK-3196,Distance STARLINK-3251 - STARLINK-3877,Distance STARLINK-3251 - STARLINK-1651,Distance STARLINK-3251 - STARLINK-1804,Distance STARLINK-3251 - STARLINK-1062,Distance STARLINK-3251 - STARLINK-3108,Distance STARLINK-3251 - STARLINK-2121,Distance STARLINK-3251 - IOAG-Equatorial,Distance STARLINK-3251 - IOAG-North1,Distance STARLINK-3251 - IOAG-North2,Distance STARLINK-3251 - IOAG-South1,Distance STARLINK-3251 - IOAG-South2,Distance STARLINK-1933 - STARLINK-3241,Distance STARLINK-1933 - STARLINK-2487,Distance STARLINK-1933 - STARLINK-2427,Distance STARLINK-1933 - STARLINK-2373,Distance STARLINK-1933 - STARLINK-1444,Distance STARLINK-1933 - STARLINK-1323,Distance STARLINK-1933 - STARLINK-1027,Distance STARLINK-1933 - STARLINK-1455,Distance STARLINK-1933 - STARLINK-2242,Distance STARLINK-1933 - STARLINK-3745,Distance STARLINK-1933 - STARLINK-1961,Distance STARLINK-1933 - STARLINK-1681,Distance STARLINK-1933 - STARLINK-3203,Distance STARLINK-1933 - STARLINK-1938,Distance STARLINK-1933 - STARLINK-3053,Distance STARLINK-1933 - STARLINK-3314,Distance STARLINK-1933 - STARLINK-3196,Distance STARLINK-1933 - STARLINK-3877,Distance STARLINK-1933 - STARLINK-1651,Distance STARLINK-1933 - STARLINK-1804,Distance STARLINK-1933 - STARLINK-1062,Distance STARLINK-1933 - STARLINK-3108,Distance STARLINK-1933 - STARLINK-2121,Distance STARLINK-1933 - IOAG-Equatorial,Distance STARLINK-1933 - IOAG-North1,Distance STARLINK-1933 - IOAG-North2,Distance STARLINK-1933 - IOAG-South1,Distance STARLINK-1933 - IOAG-South2,Distance STARLINK-3241 - STARLINK-2487,Distance STARLINK-3241 - STARLINK-2427,Distance STARLINK-3241 - STARLINK-2373,Distance STARLINK-3241 - STARLINK-1444,Distance STARLINK-3241 - STARLINK-1323,Distance STARLINK-3241 - STARLINK-1027,Distance STARLINK-3241 - STARLINK-1455,Distance STARLINK-3241 - STARLINK-2242,Distance STARLINK-3241 - STARLINK-3745,Distance STARLINK-3241 - STARLINK-1961,Distance STARLINK-3241 - STARLINK-1681,Distance STARLINK-3241 - STARLINK-3203,Distance STARLINK-3241 - STARLINK-1938,Distance STARLINK-3241 - STARLINK-3053,Distance STARLINK-3241 - STARLINK-3314,Distance STARLINK-3241 - STARLINK-3196,Distance STARLINK-3241 - STARLINK-3877,Distance STARLINK-3241 - STARLINK-1651,Distance STARLINK-3241 - STARLINK-1804,Distance STARLINK-3241 - STARLINK-1062,Distance STARLINK-3241 - STARLINK-3108,Distance STARLINK-3241 - STARLINK-2121,Distance STARLINK-3241 - IOAG-Equatorial,Distance STARLINK-3241 - IOAG-North1,Distance STARLINK-3241 - IOAG-North2,Distance STARLINK-3241 - IOAG-South1,Distance STARLINK-3241 - IOAG-South2,Distance STARLINK-2487 - STARLINK-2427,Distance STARLINK-2487 - STARLINK-2373,Distance STARLINK-2487 - STARLINK-1444,Distance STARLINK-2487 - STARLINK-1323,Distance STARLINK-2487 - STARLINK-1027,Distance STARLINK-2487 - STARLINK-1455,Distance STARLINK-2487 - STARLINK-2242,Distance STARLINK-2487 - STARLINK-3745,Distance STARLINK-2487 - STARLINK-1961,Distance STARLINK-2487 - STARLINK-1681,Distance STARLINK-2487 - STARLINK-3203,Distance STARLINK-2487 - STARLINK-1938,Distance STARLINK-2487 - STARLINK-3053,Distance STARLINK-2487 - STARLINK-3314,Distance STARLINK-2487 - STARLINK-3196,Distance STARLINK-2487 - STARLINK-3877,Distance STARLINK-2487 - STARLINK-1651,Distance STARLINK-2487 - STARLINK-1804,Distance STARLINK-2487 - STARLINK-1062,Distance STARLINK-2487 - STARLINK-3108,Distance STARLINK-2487 - STARLINK-2121,Distance STARLINK-2487 - IOAG-Equatorial,Distance STARLINK-2487 - IOAG-North1,Distance STARLINK-2487 - IOAG-North2,Distance STARLINK-2487 - IOAG-South1,Distance STARLINK-2487 - IOAG-South2,Distance STARLINK-2427 - STARLINK-2373,Distance STARLINK-2427 - STARLINK-1444,Distance STARLINK-2427 - STARLINK-1323,Distance STARLINK-2427 - STARLINK-1027,Distance STARLINK-2427 - STARLINK-1455,Distance STARLINK-2427 - STARLINK-2242,Distance STARLINK-2427 - STARLINK-3745,Distance STARLINK-2427 - STARLINK-1961,Distance STARLINK-2427 - STARLINK-1681,Distance STARLINK-2427 - STARLINK-3203,Distance STARLINK-2427 - STARLINK-1938,Distance STARLINK-2427 - STARLINK-3053,Distance STARLINK-2427 - STARLINK-3314,Distance STARLINK-2427 - STARLINK-3196,Distance STARLINK-2427 - STARLINK-3877,Distance STARLINK-2427 - STARLINK-1651,Distance STARLINK-2427 - STARLINK-1804,Distance STARLINK-2427 - STARLINK-1062,Distance STARLINK-2427 - STARLINK-3108,Distance STARLINK-2427 - STARLINK-2121,Distance STARLINK-2427 - IOAG-Equatorial,Distance STARLINK-2427 - IOAG-North1,Distance STARLINK-2427 - IOAG-North2,Distance STARLINK-2427 - IOAG-South1,Distance STARLINK-2427 - IOAG-South2,Distance STARLINK-2373 - STARLINK-1444,Distance STARLINK-2373 - STARLINK-1323,Distance STARLINK-2373 - STARLINK-1027,Distance STARLINK-2373 - STARLINK-1455,Distance STARLINK-2373 - STARLINK-2242,Distance STARLINK-2373 - STARLINK-3745,Distance STARLINK-2373 - STARLINK-1961,Distance STARLINK-2373 - STARLINK-1681,Distance STARLINK-2373 - STARLINK-3203,Distance STARLINK-2373 - STARLINK-1938,Distance STARLINK-2373 - STARLINK-3053,Distance STARLINK-2373 - STARLINK-3314,Distance STARLINK-2373 - STARLINK-3196,Distance STARLINK-2373 - STARLINK-3877,Distance STARLINK-2373 - STARLINK-1651,Distance STARLINK-2373 - STARLINK-1804,Distance STARLINK-2373 - STARLINK-1062,Distance STARLINK-2373 - STARLINK-3108,Distance STARLINK-2373 - STARLINK-2121,Distance STARLINK-2373 - IOAG-Equatorial,Distance STARLINK-2373 - IOAG-North1,Distance STARLINK-2373 - IOAG-North2,Distance STARLINK-2373 - IOAG-South1,Distance STARLINK-2373 - IOAG-South2,Distance STARLINK-1444 - STARLINK-1323,Distance STARLINK-1444 - STARLINK-1027,Distance STARLINK-1444 - STARLINK-1455,Distance STARLINK-1444 - STARLINK-2242,Distance STARLINK-1444 - STARLINK-3745,Distance STARLINK-1444 - STARLINK-1961,Distance STARLINK-1444 - STARLINK-1681,Distance STARLINK-1444 - STARLINK-3203,Distance STARLINK-1444 - STARLINK-1938,Distance STARLINK-1444 - STARLINK-3053,Distance STARLINK-1444 - STARLINK-3314,Distance STARLINK-1444 - STARLINK-3196,Distance STARLINK-1444 - STARLINK-3877,Distance STARLINK-1444 - STARLINK-1651,Distance STARLINK-1444 - STARLINK-1804,Distance STARLINK-1444 - STARLINK-1062,Distance STARLINK-1444 - STARLINK-3108,Distance STARLINK-1444 - STARLINK-2121,Distance STARLINK-1444 - IOAG-Equatorial,Distance STARLINK-1444 - IOAG-North1,Distance STARLINK-1444 - IOAG-North2,Distance STARLINK-1444 - IOAG-South1,Distance STARLINK-1444 - IOAG-South2,Distance STARLINK-1323 - STARLINK-1027,Distance STARLINK-1323 - STARLINK-1455,Distance STARLINK-1323 - STARLINK-2242,Distance STARLINK-1323 - STARLINK-3745,Distance STARLINK-1323 - STARLINK-1961,Distance STARLINK-1323 - STARLINK-1681,Distance STARLINK-1323 - STARLINK-3203,Distance STARLINK-1323 - STARLINK-1938,Distance STARLINK-1323 - STARLINK-3053,Distance STARLINK-1323 - STARLINK-3314,Distance STARLINK-1323 - STARLINK-3196,Distance STARLINK-1323 - STARLINK-3877,Distance STARLINK-1323 - STARLINK-1651,Distance STARLINK-1323 - STARLINK-1804,Distance STARLINK-1323 - STARLINK-1062,Distance STARLINK-1323 - STARLINK-3108,Distance STARLINK-1323 - STARLINK-2121,Distance STARLINK-1323 - IOAG-Equatorial,Distance STARLINK-1323 - IOAG-North1,Distance STARLINK-1323 - IOAG-North2,Distance STARLINK-1323 - IOAG-South1,Distance STARLINK-1323 - IOAG-South2,Distance STARLINK-1027 - STARLINK-1455,Distance STARLINK-1027 - STARLINK-2242,Distance STARLINK-1027 - STARLINK-3745,Distance STARLINK-1027 - STARLINK-1961,Distance STARLINK-1027 - STARLINK-1681,Distance STARLINK-1027 - STARLINK-3203,Distance STARLINK-1027 - STARLINK-1938,Distance STARLINK-1027 - STARLINK-3053,Distance STARLINK-1027 - STARLINK-3314,Distance STARLINK-1027 - STARLINK-3196,Distance STARLINK-1027 - STARLINK-3877,Distance STARLINK-1027 - STARLINK-1651,Distance STARLINK-1027 - STARLINK-1804,Distance STARLINK-1027 - STARLINK-1062,Distance STARLINK-1027 - STARLINK-3108,Distance STARLINK-1027 - STARLINK-2121,Distance STARLINK-1027 - IOAG-Equatorial,Distance STARLINK-1027 - IOAG-North1,Distance STARLINK-1027 - IOAG-North2,Distance STARLINK-1027 - IOAG-South1,Distance STARLINK-1027 - IOAG-South2,Distance STARLINK-1455 - STARLINK-2242,Distance STARLINK-1455 - STARLINK-3745,Distance STARLINK-1455 - STARLINK-1961,Distance STARLINK-1455 - STARLINK-1681,Distance STARLINK-1455 - STARLINK-3203,Distance STARLINK-1455 - STARLINK-1938,Distance STARLINK-1455 - STARLINK-3053,Distance STARLINK-1455 - STARLINK-3314,Distance STARLINK-1455 - STARLINK-3196,Distance STARLINK-1455 - STARLINK-3877,Distance STARLINK-1455 - STARLINK-1651,Distance STARLINK-1455 - STARLINK-1804,Distance STARLINK-1455 - STARLINK-1062,Distance STARLINK-1455 - STARLINK-3108,Distance STARLINK-1455 - STARLINK-2121,Distance STARLINK-1455 - IOAG-Equatorial,Distance STARLINK-1455 - IOAG-North1,Distance STARLINK-1455 - IOAG-North2,Distance STARLINK-1455 - IOAG-South1,Distance STARLINK-1455 - IOAG-South2,Distance STARLINK-2242 - STARLINK-3745,Distance STARLINK-2242 - STARLINK-1961,Distance STARLINK-2242 - STARLINK-1681,Distance STARLINK-2242 - STARLINK-3203,Distance STARLINK-2242 - STARLINK-1938,Distance STARLINK-2242 - STARLINK-3053,Distance STARLINK-2242 - STARLINK-3314,Distance STARLINK-2242 - STARLINK-3196,Distance STARLINK-2242 - STARLINK-3877,Distance STARLINK-2242 - STARLINK-1651,Distance STARLINK-2242 - STARLINK-1804,Distance STARLINK-2242 - STARLINK-1062,Distance STARLINK-2242 - STARLINK-3108,Distance STARLINK-2242 - STARLINK-2121,Distance STARLINK-2242 - IOAG-Equatorial,Distance STARLINK-2242 - IOAG-North1,Distance STARLINK-2242 - IOAG-North2,Distance STARLINK-2242 - IOAG-South1,Distance STARLINK-2242 - IOAG-South2,Distance STARLINK-3745 - STARLINK-1961,Distance STARLINK-3745 - STARLINK-1681,Distance STARLINK-3745 - STARLINK-3203,Distance STARLINK-3745 - STARLINK-1938,Distance STARLINK-3745 - STARLINK-3053,Distance STARLINK-3745 - STARLINK-3314,Distance STARLINK-3745 - STARLINK-3196,Distance STARLINK-3745 - STARLINK-3877,Distance STARLINK-3745 - STARLINK-1651,Distance STARLINK-3745 - STARLINK-1804,Distance STARLINK-3745 - STARLINK-1062,Distance STARLINK-3745 - STARLINK-3108,Distance STARLINK-3745 - STARLINK-2121,Distance STARLINK-3745 - IOAG-Equatorial,Distance STARLINK-3745 - IOAG-North1,Distance STARLINK-3745 - IOAG-North2,Distance STARLINK-3745 - IOAG-South1,Distance STARLINK-3745 - IOAG-South2,Distance STARLINK-1961 - STARLINK-1681,Distance STARLINK-1961 - STARLINK-3203,Distance STARLINK-1961 - STARLINK-1938,Distance STARLINK-1961 - STARLINK-3053,Distance STARLINK-1961 - STARLINK-3314,Distance STARLINK-1961 - STARLINK-3196,Distance STARLINK-1961 - STARLINK-3877,Distance STARLINK-1961 - STARLINK-1651,Distance STARLINK-1961 - STARLINK-1804,Distance STARLINK-1961 - STARLINK-1062,Distance STARLINK-1961 - STARLINK-3108,Distance STARLINK-1961 - STARLINK-2121,Distance STARLINK-1961 - IOAG-Equatorial,Distance STARLINK-1961 - IOAG-North1,Distance STARLINK-1961 - IOAG-North2,Distance STARLINK-1961 - IOAG-South1,Distance STARLINK-1961 - IOAG-South2,Distance STARLINK-1681 - STARLINK-3203,Distance STARLINK-1681 - STARLINK-1938,Distance STARLINK-1681 - STARLINK-3053,Distance STARLINK-1681 - STARLINK-3314,Distance STARLINK-1681 - STARLINK-3196,Distance STARLINK-1681 - STARLINK-3877,Distance STARLINK-1681 - STARLINK-1651,Distance STARLINK-1681 - STARLINK-1804,Distance STARLINK-1681 - STARLINK-1062,Distance STARLINK-1681 - STARLINK-3108,Distance STARLINK-1681 - STARLINK-2121,Distance STARLINK-1681 - IOAG-Equatorial,Distance STARLINK-1681 - IOAG-North1,Distance STARLINK-1681 - IOAG-North2,Distance STARLINK-1681 - IOAG-South1,Distance STARLINK-1681 - IOAG-South2,Distance STARLINK-3203 - STARLINK-1938,Distance STARLINK-3203 - STARLINK-3053,Distance STARLINK-3203 - STARLINK-3314,Distance STARLINK-3203 - STARLINK-3196,Distance STARLINK-3203 - STARLINK-3877,Distance STARLINK-3203 - STARLINK-1651,Distance STARLINK-3203 - STARLINK-1804,Distance STARLINK-3203 - STARLINK-1062,Distance STARLINK-3203 - STARLINK-3108,Distance STARLINK-3203 - STARLINK-2121,Distance STARLINK-3203 - IOAG-Equatorial,Distance STARLINK-3203 - IOAG-North1,Distance STARLINK-3203 - IOAG-North2,Distance STARLINK-3203 - IOAG-South1,Distance STARLINK-3203 - IOAG-South2,Distance STARLINK-1938 - STARLINK-3053,Distance STARLINK-1938 - STARLINK-3314,Distance STARLINK-1938 - STARLINK-3196,Distance STARLINK-1938 - STARLINK-3877,Distance STARLINK-1938 - STARLINK-1651,Distance STARLINK-1938 - STARLINK-1804,Distance STARLINK-1938 - STARLINK-1062,Distance STARLINK-1938 - STARLINK-3108,Distance STARLINK-1938 - STARLINK-2121,Distance STARLINK-1938 - IOAG-Equatorial,Distance STARLINK-1938 - IOAG-North1,Distance STARLINK-1938 - IOAG-North2,Distance STARLINK-1938 - IOAG-South1,Distance STARLINK-1938 - IOAG-South2,Distance STARLINK-3053 - STARLINK-3314,Distance STARLINK-3053 - STARLINK-3196,Distance STARLINK-3053 - STARLINK-3877,Distance STARLINK-3053 - STARLINK-1651,Distance STARLINK-3053 - STARLINK-1804,Distance STARLINK-3053 - STARLINK-1062,Distance STARLINK-3053 - STARLINK-3108,Distance STARLINK-3053 - STARLINK-2121,Distance STARLINK-3053 - IOAG-Equatorial,Distance STARLINK-3053 - IOAG-North1,Distance STARLINK-3053 - IOAG-North2,Distance STARLINK-3053 - IOAG-South1,Distance STARLINK-3053 - IOAG-South2,Distance STARLINK-3314 - STARLINK-3196,Distance STARLINK-3314 - STARLINK-3877,Distance STARLINK-3314 - STARLINK-1651,Distance STARLINK-3314 - STARLINK-1804,Distance STARLINK-3314 - STARLINK-1062,Distance STARLINK-3314 - STARLINK-3108,Distance STARLINK-3314 - STARLINK-2121,Distance STARLINK-3314 - IOAG-Equatorial,Distance STARLINK-3314 - IOAG-North1,Distance STARLINK-3314 - IOAG-North2,Distance STARLINK-3314 - IOAG-South1,Distance STARLINK-3314 - IOAG-South2,Distance STARLINK-3196 - STARLINK-3877,Distance STARLINK-3196 - STARLINK-1651,Distance STARLINK-3196 - STARLINK-1804,Distance STARLINK-3196 - STARLINK-1062,Distance STARLINK-3196 - STARLINK-3108,Distance STARLINK-3196 - STARLINK-2121,Distance STARLINK-3196 - IOAG-Equatorial,Distance STARLINK-3196 - IOAG-North1,Distance STARLINK-3196 - IOAG-North2,Distance STARLINK-3196 - IOAG-South1,Distance STARLINK-3196 - IOAG-South2,Distance STARLINK-3877 - STARLINK-1651,Distance STARLINK-3877 - STARLINK-1804,Distance STARLINK-3877 - STARLINK-1062,Distance STARLINK-3877 - STARLINK-3108,Distance STARLINK-3877 - STARLINK-2121,Distance STARLINK-3877 - IOAG-Equatorial,Distance STARLINK-3877 - IOAG-North1,Distance STARLINK-3877 - IOAG-North2,Distance STARLINK-3877 - IOAG-South1,Distance STARLINK-3877 - IOAG-South2,Distance STARLINK-1651 - STARLINK-1804,Distance STARLINK-1651 - STARLINK-1062,Distance STARLINK-1651 - STARLINK-3108,Distance STARLINK-1651 - STARLINK-2121,Distance STARLINK-1651 - IOAG-Equatorial,Distance STARLINK-1651 - IOAG-North1,Distance STARLINK-1651 - IOAG-North2,Distance STARLINK-1651 - IOAG-South1,Distance STARLINK-1651 - IOAG-South2,Distance STARLINK-1804 - STARLINK-1062,Distance STARLINK-1804 - STARLINK-3108,Distance STARLINK-1804 - STARLINK-2121,Distance STARLINK-1804 - IOAG-Equatorial,Distance STARLINK-1804 - IOAG-North1,Distance STARLINK-1804 - IOAG-North2,Distance STARLINK-1804 - IOAG-South1,Distance STARLINK-1804 - IOAG-South2,Distance STARLINK-1062 - STARLINK-3108,Distance STARLINK-1062 - STARLINK-2121,Distance STARLINK-1062 - IOAG-Equatorial,Distance STARLINK-1062 - IOAG-North1,Distance STARLINK-1062 - IOAG-North2,Distance STARLINK-1062 - IOAG-South1,Distance STARLINK-1062 - IOAG-South2,Distance STARLINK-3108 - STARLINK-2121,Distance STARLINK-3108 - IOAG-Equatorial,Distance STARLINK-3108 - IOAG-North1,Distance STARLINK-3108 - IOAG-North2,Distance STARLINK-3108 - IOAG-South1,Distance STARLINK-3108 - IOAG-South2,Distance STARLINK-2121 - IOAG-Equatorial,Distance STARLINK-2121 - IOAG-North1,Distance STARLINK-2121 - IOAG-North2,Distance STARLINK-2121 - IOAG-South1,Distance STARLINK-2121 - IOAG-South2,Distance IOAG-Equatorial - IOAG-North1,Distance IOAG-Equatorial - IOAG-North2,Distance IOAG-Equatorial - IOAG-South1,Distance IOAG-Equatorial - IOAG-South2,Distance IOAG-North1 - IOAG-North2,Distance IOAG-North1 - IOAG-South1,Distance IOAG-North1 - IOAG-South2,Distance IOAG-North2 - IOAG-South1,Distance IOAG-North2 - IOAG-South2,Distance IOAG-South1 - IOAG-South2,
SECONDS,        km,                 km,                 km,                 km,                 km,                 km,                 km,                 km,                 km,                 km,                 km,                 km,                 km,                 km,                 km,                 km,                 km,                 km,                 km,                 km,                 km,                 km,                 km,                 km,                 km,                 km,                 km,                 km,                 km,                 km,                 km,                 km,                 km,                 km,                 km,                 km,                 km,                 km,                 km,                 km,                 km,                 km,                 km,                 km,                 km,                 km,                 km,                 km,                 km,                 km,                 km,                 km,                 km,                 km,                 km,                 km,                 km,                 km,                 km,                 km,                 km,                 km,                 km,                 km,                 km,                 km,                 km,                 km,                 km,                 km,                 km,                 km,                 km,                 km,                 km,                 km,                 km,                 km,                 km,                 km,                 km,                 km,                 km,                 km,                 km,                 km,                 km,                 km,                 km,                 km,                 km,                 km,                 km,                 km,                 km,                 km,                 km,                 km,                 km,                 km,                 km,                 km,                 km,                 km,                 km,                 km,                 km,                 km,                 km,                 km,                 km,                 km,                 km,                 km,                 km,                 km,                 km,                 km,                 km,                 km,                 km,                 km,                 km,                 km,                 km,                 km,                 km,                 km,                 km,                 km,                 km,                 km,                 km,                 km,                 km,                 km,                 km,                 km,                 km,                 km,                 km,                 km,                 km,                 km,                 km,                 km,                 km,                 km,                 km,                 km,                 km,                 km,                 km,                 km,                 km,                 km,                 km,                 km,                 km,                 km,                 km,                 km,                 km,                 km,                 km,                 km,                 km,                 km,                 km,                 km,                 km,                 km,                 km,                 km,                 km,                 km,                 km,                 km,                 km,                 km,                 km,                 km,                 km,                 km,                 km,                 km,                 km,                 km,                 km,                 km,                 km,                 km,                 km,                 km,                 km,                 km,                 km,                 km,                 km,                 km,                 km,                 km,                 km,                 km,                 km,                 km,                 km,                 km,                 km,                 km,                 km,                 km,                 km,                 km,                 km,                 km,                 km,                 km,                 km,                 km,                 km,                 km,                 km,                 km,                 km,                 km,                 km,                 km,                 km,                 km,                 km,                 km,                 km,                 km,                 km,                 km,                 km,                 km,                 km,                 km,                 km,                 km,                 km,                 km,                 km,                 km,                 km,                 km,                 km,                 km,                 km,                 km,                 km,                 km,                 km,                 km,                 km,                 km,                 km,                 km,                 km,                 km,                 km,                 km,                 km,                 km,                 km,                 km,                 km,                 km,                 km,                 km,                 km,                 km,                 km,                 km,                 km,                 km,                 km,                 km,                 km,                 km,                 km,                 km,                 km,                 km,                 km,                 km,                 km,                 km,                 km,                 km,                 km,                 km,                 km,                 km,                 km,                 km,                 km,                 km,                 km,                 km,                 km,                 km,                 km,                 km,                 km,                 km,                 km,                 km,                 km,                 km,                 km,                 km,                 km,                 km,                 km,                 km,                 km,                 km,                 km,                 km,                 km,                 km,                 km,                 km,                 km,                 km,                 km,                 km,                 km,                 km,                 km,                 km,                 km,                 km,                 km,                 km,                 km,                 km,                 km,                 km,                 km,                 km,                 km,                 km,                 km,                 km,                 km,                 km,                 km,                 km,                 km,                 km,                 km,                 km,                 km,                 km,                 km,                 km,                 km,                 km,                 km,                 km,                 km,                 km,                 km,                 km,                 km,                 km,                 km,                 km,                 km,                 km,                 km,                 km,                 km,                 km,                 km,                 km,                 km,                 km,                 km,                 km,                 km,                 km,                 km,                 km,                 km,                 km,                 km,                 km,                 km,                 km,                 km,                 km,                 km,                 km,                 km,                 km,                 km,                 km,                 km,                 km,                 km,                 km,                 km,                 km,                 km,                 km,                 km,                 km,                 km,                 km,                 km,                 km,                 km,                 km,                 km,                 km,                 km,                 km,                 km,                 km,                 km,                 km,                 km,                 km,                 km,                 km,                 km,                 km,                 km,                 km,                 km,                 km,                 km,                 km,                 km,                 km,                 km,                 km,                 km,                 km,                 km,                 km,                 km,                 km,                 km,                 km,                 km,                 km,                 km,                 km,                 km,                 km,                 km,                 km,                 km,                 km,                 km,                 km,                 km,                 km,                 km,                 km,                 km,                 km,                 km,                 km,                 km,                 km,                 km,                 km,                 km,                 km,                 km,                 km,                 km,                 km,                 km,                 km,                 km,                 km,                 km,                 km,                 km,                 km,                 km,                 km,                 km,                 km,                 km,                 km,                 km,                 km,                 km,                 km,                 km,                 km,                 km,                 km,                 km,                 km,                 km,                 km,                 km,                 km,                 km,                 km,                 km,                 km,                 km,                 km,                 km,                 km,                 km,                 km,                 km,                 km,                 km,                 km,                 km,                 km,                 km,                 km,                 km,                 km,                 km,                 km,                 km,                 km,                 km,                 km,                 km,                 km,                 km,                 km,                 km,                 km,                 km,                 km,                 km,                 km,                 km,                 km,                 km,                 km,                 km,                 km,                 km,                 km,                 km,                 km,                 km,                 km,                 km,                 km,                 km,                 km,                 km,                 km,                 km,                 km,                 km,                 km,                 km,                 km,                 km,                 km,                 km,                 km,                 km,                 km,                 km,                 km,                 km,                 km,                 km,                 km,                 km,                 km,                 km,                 km,                 km,                 km,                 km,                 km,                 km,                 km,                 km,                 km,                 km,                 km,                 km,                 km,                 km,                 km,                 km,                 km,                 km,                 km,                 km,                 km,                 km,                 km,                 km,                 km,                 km,                 km,                 km,                 km,                 km,                 km,                 km,                 km,                 km,                 km,                 km,                 km,                 km,                 km,                 km,                 km,                 km,                 km,                 km,                 km,                 km,                 km,                 km,                 km,                 km,                 km,                 km,                 km,                 km,                 km,                 km,                 km,                 km,                 km,                 km,                 km,                 km,                 km,                 km,                 km,                 km,                 km,                 km,                 km,                 km,                 km,                 km,                 km,                 km,                 km,                 km,                 km,                 km,                 km,                 km,                 km,                 km,                 km,                 km,                 km,                 km,                 km,                 km,                 km,                 km,                 km,                 km,                 km,                 km,                 km,                 km,                 km,                 km,                 km,                 km,                 km,                 km,                 km,                 km,                 km,                 km,                 km,                 km,                 km,                 km,                 km,                 km,                 km,                 km,                 km,                 km,                 km,                 km,                 km,                 km,                 km,                 km,                 km,                 km,                 km,                 km,                 km,                 km,                 km,                 km,                 km,                 km,                 km,                 km,                 km,                 km,                 km,                 km,                 km,                 km,                 km,                 km,                 km,                 km,                 km,                 km,                 km,                 km,                 km,                 km,                 km,                 km,                 km,                 km,                 km,                 km,                 km,                 km,                 km,                 km,                 km,                 km,                 km,                 km,                 km,                 km,                 km,                 km,                 km,                 km,                 km,                 km,                 km,                 km,                 km,                 km,                 km,                 km,                 km,                 km,                 km,                 km,                 km,                 km,                 km,                 km,                 km,                 km,                 km,                 km,                 km,                 km,                 km,                 km,                 km,                 km,                 km,                 km,                 km,                 km,                 km,                 km,                 km,                 km,                 km,                 km,                 km,                 km,                 km,                 km,                 km,                 km,                 km,                 km,                 km,                 km,                 km,                 km,                 km,                 km,                 km,                 km,                 km,                 km,                 km,                 km,                 km,                 km,                 km,                 km,                 km,                 km,                 km,                 km,                 km,                 km,                 km,                 km,                 km,                 km,                 km,                 km,                 km,                 km,                 km,                 km,                 km,                 km,                 km,                 km,                 km,                 km,                 km,                 km,                 km,                 km,                 km,                 km,                 km,                 km,                 km,                 km,                 km,                 km,                 km,                 km,                 km,                 km,                 km,                 km,                 km,                 km,                 km,                 km,                 km,                 km,                 km,                 km,                 km,                 km,                 km,                 km,                 km,                 km,                 km,                 km,                 km,                 km,                 km,                 km,                 km,                 km,                 km,                 km,                 km,                 km,                 km,                 km,                 km,                 km,                 km,                 km,                 km,                 km,                 km,                 km,                 km,                 km,                 km,                 km,                 km,                 km,                 km,                 km,                 km,                 km,                 km,                 km,                 km,                 km,                 km,                 km,                 km,                 km,                 km,                 km,                 km,                 km,                 km,                 km,                 km,                 km,                 km,                 km,                 km,                 km,                 km,                 km,                 km,                 km,                 km,                 km,                 km,                 km,                 km,                 km,                 km,                 km,                 km,                 km,                 km,                 km,                 km,                 km,                 km,                 km,                 km,                 km,                 km,                 km,                 km,                 km,                 km,                 km,                 km,                 km,                 km,                 km,                 km,                 km,                 km,                 km,                 km,                 km,                 km,                 km,                 km,                 km,                 km,                 km,                 km,                 km,                 km,                 km,                 km,                 km,                 km,                 km,                 km,                 km,                 km,                 km,                 km,                 km,                 km,                 km,                 km,                 km,                 km,                 km,                 km,                 km,                 km,                 km,                 km,                 km,                 km,
       0.000,      0.0000,             0.0000,             0.0000,             0.0000,             0.0000,             0.0000,             0.0000,             0.0000,             0.0000,             0.0000,             0.0000,             0.0000,             0.0000,             0.0000,             0.0000,             0.0000,             0.0000,             0.0000,             0.0000,             0.0000,             0.0000,             0.0000,             0.0000,             0.0000,             0.0000,             0.0000,             0.0000,             0.0000,             0.0000,             0.0000,             0.0000,             0.0000,             0.0000,             0.0000,             0.0000,             0.0000,             0.0000,             0.0000,             0.0000,             0.0000,             0.0000,             0.0000,             0.0000,             0.0000,          1088.1763,         11998.1050,          9005.6251,         13235.2275,          5785.2310,          9230.2801,          8253.3416,         11094.1530,             0.0000,          5851.8807,          4009.9039,         12495.8393,          3316.7814,        122377.1818,          9599.1460,        816042.0958,          8812.4799,         13299.3126,          6548.3438,         10092.2047,          4971.4461,         13220.7876,          6091.8552,          4810.0714,             0.0000,         10010.3546,          6882.1512,          4585.9334,          7831.9201,             0.0000,        334982.6881,          9878.2768,          3109.6849,         12754.1300,         13821.8401,          4644.2768,          9305.2321,         12978.9684,        414160.7330,        413294.4322,        404426.8229,        409182.1487,        406625.2273,         12298.1329,          8612.7916,         12922.5171,          4777.0100,          8913.4675,          8221.4123,         10524.1060,             0.0000,          6609.7563,          4949.0406,         11981.4779,          3026.1560,        123415.2936,          8780.7899,        816329.7599,          7964.1082,         13000.4134,          6766.1054,         10529.4139,          5654.5414,         12883.8890,          5092.8669,          4283.1511,             0.0000,         10253.0245,          6183.5275,          3719.2939,          7519.3061,             0.0000,        334223.1780,         10539.1908,          4012.8429,         12475.0453,         13743.1629,          5146.0124,          9036.5688,         13062.5066,        413601.1462,        412747.0511,        403887.9603,        408640.2061,        406061.8367,          8419.3813,          7648.2924,         12812.0492,          7842.7992,          7149.6409,          9344.6194,             0.0000,         11330.0682,         11233.5867,         10535.7322,         13273.5481,        118620.7364,         12020.5216,        819590.5956,         11817.1926,          9903.2366,          7829.8231,         10630.3008,          8764.7414,          8099.6563,         12816.5559,         13674.9179,             0.0000,         11730.9292,         13802.5729,         13481.5104,         13688.6756,             0.0000,        331146.8939,          8071.8160,          9999.6222,         11096.2319,          7855.6317,          9058.0689,          7237.1457,          2843.5853,        405758.3328,        404782.0358,        395822.4411,        400626.8212,        398285.9861,          7705.8274,          7071.9000,           713.3093,          3086.8369,          4408.5388,             0.0000,         12392.7298,         11240.8162,          8810.2326,         10484.1421,        124323.3216,          6697.9501,        822710.7747,          5577.3371,         10710.6155,          5106.7827,         13815.7470,          7813.8167,          8012.4059,          7027.7369,         10619.1887,             0.0000,         13815.9721,         10374.3794,          9313.1298,         12168.6819,             0.0000,        326904.9340,         12736.7247,          8756.0918,         11824.5587,         11068.1230,          6965.3188,          1238.6015,          8081.1811,        405544.4409,        404666.9864,        395831.5180,        400542.1079,        397968.6420,         10611.5939,          7610.5007,          9302.7094,          4562.2442,             0.0000,         13728.8081,         13856.9331,          3876.3899,         13109.7905,        126191.4291,          7257.2691,        819201.1777,          7853.4132,          4501.8510,         10945.9272,         12052.5663,         12572.1361,           652.0724,         10416.8543,         12551.0959,             0.0000,         11796.0171,         11234.2892,         12010.0550,         11751.5268,             0.0000,        327262.7601,         11882.7113,         12995.9489,          6655.6127,          4666.1584,         12266.3914,          7202.8621,          5137.1341,        401839.6254,        400943.5066,        391994.5735,        396833.0722,        394394.3836,          7645.4986,          8461.4353,          7392.2532,             0.0000,          9954.0592,          8975.4855,          8868.9037,          5275.9693,        127498.2920,          4543.2710,        817617.0132,          3725.6266,         10813.6873,          8384.1345,         12095.0711,          8909.7726,         10461.5360,           334.5993,          4751.8091,             0.0000,         11209.0043,          4345.4354,          2960.1718,          7115.2190,             0.0000,        330549.3790,         12760.3219,          8005.6508,         10565.3926,         12422.0059,          8088.5316,          7884.8022,         12534.8064,        409837.9708,        409021.4565,        400176.7327,        404934.3679,        402302.8835,          2648.8130,          4686.5944,             0.0000,         12394.8115,         11263.2711,          9011.3803,         10808.1724,        123736.5209,          7238.4706,        822850.7500,          6188.9486,         10756.3817,          4861.4705,         13745.0984,          7651.9307,          7963.1128,          7611.1946,         11002.1715,             0.0000,         13848.8804,         10820.0288,          9770.2456,         12480.9396,             0.0000,        326993.4771,         12492.3714,          8739.2232,         11932.4584,         10916.8184,          6866.4489,           621.5673,          7588.5418,        405430.5059,        404543.7447,        395703.2449,        400414.4995,        397856.2257,          7102.0659,             0.0000,         11250.8840,          9901.6586,         10865.3561,         10471.4014,        121309.2712,          9153.3120,        822539.0004,          8060.1094,         12113.6963,          2476.6482,         13210.3856,          5489.5251,          9680.3887,          8528.4517,         11066.1169,             0.0000,         13655.1866,         11476.3479,         10038.4707,         12831.8121,             0.0000,        328769.1721,         11401.9993,          7023.5837,         13065.0985,         11820.1314,          4807.6642,          2588.5019,          7877.9065,        407349.6741,        406440.7202,        397597.1007,        402299.0105,        399767.6579,             0.0000,         13513.8559,         12990.4150,          4937.8115,         11307.7170,        127403.6499,          4220.4193,        821126.1706,          4117.0084,          7449.7943,          8925.3941,         13495.0995,         11044.9073,          4654.4478,          7174.0866,         10784.8047,             0.0000,         13022.9367,          9529.1166,          9637.4484,         11187.2062,             0.0000,        325947.1693,         13329.7137,         11442.3283,          8877.9605,          8590.9050,         10354.9503,          4632.3897,          7712.1362,        403124.8836,        402267.9550,        393394.5179,        398163.7222,        395606.3892,             0.0000,             0.0000,             0.0000,             0.0000,             0.0000,             0.0000,             0.0000,             0.0000,             0.0000,             0.0000,             0.0000,             0.0000,             0.0000,             0.0000,             0.0000,             0.0000,             0.0000,             0.0000,             0.0000,             0.0000,             0.0000,             0.0000,             0.0000,             0.0000,             0.0000,             0.0000,             0.0000,             0.0000,             0.0000,             0.0000,             0.0000,             0.0000,             0.0000,             0.0000,          2258.8936,         13169.7779,          5647.7470,        119848.4755,         12336.1141,        811659.9124,         12186.6518,         12541.8697,          9589.9987,          5252.9731,          7156.7350,         13649.8462,         10157.6318,          6701.1996,             0.0000,          5886.5176,          8552.7540,          7921.5357,          7165.3990,             0.0000,        339165.3780,          5393.5940,          5434.0631,         11478.5840,         12307.9403,          7759.1635,         12181.1589,         12618.7813,        415521.1426,        414608.9925,        405644.3183,        410491.1865,        408080.9726,         13450.9997,          4936.3465,        119731.5738,         11910.6521,        813483.9945,         11480.1694,         13301.2488,          7986.4019,          7274.2282,          5362.1062,         13840.4897,          9224.7045,          6383.7011,             0.0000,          7811.8458,          8516.9465,          7194.5285,          7930.9097,             0.0000,        338050.0475,          6752.9147,          3400.7062,         12493.8535,         13173.3165,          5895.5750,         11127.5596,         12666.8986,        415538.8283,        414633.4473,        405705.8381,        410511.2385,        408056.2393,         11489.9991,        128843.8769,          4980.8100,        816950.6913,          6222.4941,          3169.4672,         12121.3391,         11499.5258,         13323.9878,          3287.7200,          8616.6565,         10491.7218,             0.0000,         10560.6473,          8601.3823,         10021.1281,          9250.4136,             0.0000,        328191.5454,         12471.3500,         13131.2022,          4502.8307,          5641.8030,         12916.5786,          8783.7802,          8477.9025,        403203.8956,        402350.8044,        393404.2948,        398265.4110,        395777.7371,        124598.6934,          8796.7791,        813560.3831,          8480.4737,         12138.4852,          9229.3530,          8974.6637,          7875.9530,         12933.3720,          5518.2487,          1720.3544,             0.0000,          8239.5979,          4225.9107,          2625.0237,          4880.4471,             0.0000,        335793.5703,         10032.6625,          5913.2110,         11104.2244,         13155.3906,          7637.1623,         10847.5913,         13777.9676,        414228.6935,        413384.8411,        404489.5326,        409292.0864,        406738.7389,        129396.5809,        829714.4605,        128702.7879,        127364.6184,        120013.8505,        120852.2121,        118638.8788,        126621.9541,        127731.0800,        126114.8880,             0.0000,        122968.4028,        128091.2827,        126694.5653,        126892.9505,             0.0000,        406304.0765,        117835.1918,        119594.0485,        127583.4306,        124682.6249,        119577.2920,        123426.4747,        121098.7526,        470953.4095,        468835.0973,        459767.5443,        464193.3550,        463559.8323,        818368.5695,          1577.7651,          7688.1252,         10137.2263,         12674.7337,         11443.1512,          6991.8925,          4231.1737,          7814.4461,             0.0000,         11631.7774,          6031.9320,          6605.7493,          8240.7839,             0.0000,        327876.4522,         13516.4602,         11037.9690,          8057.9493,          9816.2951,         10703.3154,          7345.4700,         10752.1060,        405659.0023,        404841.7841,        395970.3260,        400760.6819,        398158.1898,        819373.0972,        814828.7016,        821217.5044,        809625.1603,        818733.1297,        818711.3946,        817667.7575,        813176.6896,             0.0000,        809118.1870,        813400.0053,        814925.2856,        810868.8034,             0.0000,       1106238.7095,        812175.7466,        816880.1319,        812736.9488,        815081.3274,        819364.1148,        822581.7950,        819807.7516,       1092940.8046,       1092376.4274,       1081668.4877,       1090095.7768,       1091788.0359,          8857.7115,          9031.6265,         13107.6380,         10508.0434,          7706.3074,          3438.5346,          7736.7770,             0.0000,         12232.3941,          6376.3127,          6277.8198,          8817.4334,             0.0000,        327645.7774,         13613.7967,         10224.4578,          9303.5122,         10681.0543,          9668.6243,          6397.3071,         10798.7493,        406132.4354,        405312.7251,        396462.3642,        401225.3653,        398604.2033,         13085.8491,          9703.9952,         13809.6296,          3936.7594,         10618.8596,         11242.5957,             0.0000,          8905.1501,          9623.4932,         11269.6537,          9228.9841,             0.0000,        330359.6297,         10872.9480,         13547.1514,          2350.3049,          3063.1099,         13664.3368,         10388.3114,          7917.7279,        403781.1847,        402899.2628,        393899.5906,        398808.9029,        396406.2141,         12342.8941,          3116.1025,         11254.1373,          8540.2049,         10160.0127,             0.0000,         12933.1126,         11112.8221,          9340.5458,         12248.1619,             0.0000,        330959.0315,         10390.6599,          4845.7633,         13658.6535,         12728.5485,          2431.7924,          4830.6401,          9164.4749,        409801.8679,        408888.1870,        400040.0999,        404744.4265,        402221.8398,         10746.6258,         11864.5089,         12166.0282,          9094.6827,             0.0000,          2170.9295,          9664.2566,         10411.9091,          7256.8177,             0.0000,        339179.5162,          3803.3650,          9640.5033,          8374.7177,          9029.9459,         11316.8120,         13365.8647,         11240.0429,        412794.9521,        411865.1434,        402826.5751,        407754.4483,        405440.0970,         12789.0961,          9138.4131,          9175.0576,             0.0000,         11531.6179,         10730.2792,          8849.0167,         11316.5825,             0.0000,        334045.8059,          8735.3590,          2224.9350,         13909.2131,         13346.1144,          1165.8906,          7561.4876,         10537.6535,        412606.0609,        411684.3269,        402811.7226,        407540.8369,        405050.2682,         10257.2534,         12300.9864,             0.0000,         11504.2340,         10890.2770,         11796.4654,         11369.0783,             0.0000,        327463.4767,         11900.5616,         13105.4022,          6103.8468,          4439.5538,         12480.6184,          7576.8911,          5637.0254,        401963.3286,        401072.7648,        392119.9450,        396966.5052,        394525.7162,          4917.5757,             0.0000,         11250.1726,          4332.5194,          3156.0738,          7133.9437,             0.0000,        330326.3927,         12866.5538,          8268.4436,         10395.8026,         12281.4368,          8316.2725,          7849.1643,         12465.0219,        409546.6208,        408731.5925,        399886.0822,        404645.6061,        402013.4363,             0.0000,          7987.4944,          2581.0038,          1877.6391,          3630.7808,             0.0000,        335162.5378,         10633.1468,          7361.9200,         10088.2842,         12604.2079,          8859.3566,         11044.3627,         13833.9925,        413313.1107,        412483.0552,        403582.0836,        408399.9974,        405838.0754,             0.0000,             0.0000,             0.0000,             0.0000,             0.0000,             0.0000,             0.0000,             0.0000,             0.0000,             0.0000,             0.0000,             0.0000,             0.0000,             0.0000,             0.0000,             0.0000,             0.0000,             0.0000,          8202.8362,          9399.0910,          5516.1044,             0.0000,        338633.5744,          5801.5311,         10212.3625,          7195.5544,          8905.5399,         11920.3326,         13521.9471,         11922.8385,        412474.7351,        411571.3624,        402539.2602,        407474.9028,        405125.5344,          2709.0513,          3083.0752,             0.0000,        333552.8592,         11551.2902,          9222.5696,          8463.2728,         11492.1736,         10305.5921,         10858.4926,         13426.9053,        411227.9214,        410412.4830,        401506.0902,        406339.7687,        403768.7453,          4990.9490,             0.0000,        333448.4968,         11565.0536,          7298.6454,         10441.0812,         12758.7880,          8309.1254,          9895.5914,         13519.4287,        412256.8139,        411435.1096,        402561.2088,        407351.1071,        404753.4543,             0.0000,        336000.7939,          9866.1649,          9643.8178,          7522.5142,         10743.7570,         11202.5189,         12383.0668,         13463.8575,        412281.4770,        411444.3446,        402487.7606,        407369.9624,        404872.5706,             0.0000,             0.0000,             0.0000,             0.0000,             0.0000,             0.0000,             0.0000,             0.0000,             0.0000,             0.0000,             0.0000,             0.0000,             0.0000,        338475.2352,        335327.3158,        332278.1442,        331219.1361,        333119.6082,        327248.4115,        329351.4679,        222160.0429,        224098.0210,        224801.9365,        221921.2869,        212018.6843,          8278.9953,         10302.9930,          9389.4382,          9544.5708,         12049.5393,          9503.8355,        412404.1320,        411439.0409,        402417.2855,        407303.7163,        405010.8273,         13282.9872,         13378.8721,          2554.7648,          8680.3215,         11546.3693,        413860.5478,        412954.9723,        404072.0541,        408822.9681,        406324.2313,          4433.2975,         13828.4898,         11600.9843,          9544.0207,        405653.4932,        404780.8517,        395768.3903,        400698.9367,        398299.0071,         13405.4726,         10421.1870,          5962.1777,        403796.7269,        402874.0017,        393850.5017,        398764.9096,        396430.5578,          6851.9570,         10597.2167,        412088.2505,        411178.7765,        402321.3039,        407039.2092,        404520.3363,          6974.8874,        405349.9346,        404456.7991,        395606.1362,        400326.0074,        397784.7515,        403538.7189,        402581.2881,        393617.3185,        398438.1537,        396081.3612,          5456.1043,         14530.6942,          9320.2374,         10747.3823,         11360.4367,          4950.5823,         12168.4519,          8937.9673,         17147.3154,         11360.4367,
    3600.000,      0.0000,             0.0000,             0.0000,             0.0000,             0.0000,             0.0000,             0.0000,             0.0000,             0.0000,             0.0000,             0.0000,             0.0000,             0.0000,             0.0000,             0.0000,             0.0000,             0.0000,             0.0000,             0.0000,             0.0000,             0.0000,             0.0000,             0.0000,             0.0000,             0.0000,             0.0000,             0.0000,             0.0000,             0.0000,             0.0000,             0.0000,             0.0000,             0.0000,             0.0000,             0.0000,             0.0000,             0.0000,             0.0000,             0.0000,             0.0000,             0.0000,             0.0000,             0.0000,             0.0000,          3964.6468,         10823.8962,         12473.9795,         13402.6760,          7031.2005,         12004.6648,         12014.3809,         11221.4431,             0.0000,          6194.8004,          4146.2290,         12476.3696,          5064.2883,        128569.0484,         12535.7298,        818465.6550,          9145.9845,         11723.0230,         10557.4347,          7785.3740,          8372.6212,         13224.4865,          7874.1970,          6839.6486,             0.0000,          7380.1544,          6942.7091,          6738.7039,          8495.4944,             0.0000,        334247.4168,         10354.0457,          8203.8450,         10542.3181,         12811.3002,          8908.8118,         13364.2626,         12232.1751,        400226.8182,        398039.5472,        394473.0596,        400228.3386,        395014.8448,          8444.8384,         10576.2498,         13840.2657,          7596.9578,          9900.8877,          9725.4011,          9262.5452,             0.0000,          9159.5526,           383.1315,         11285.7233,          8088.1480,        127456.5145,         12752.5218,        815818.8263,          7868.9075,         13288.5310,          7964.8400,          9961.6497,          5001.8880,         13833.1388,          8444.4991,          9408.0041,             0.0000,         10123.2709,          6182.0446,          8774.5329,         11159.5492,             0.0000,        330445.7289,         11231.2516,          5026.9542,         12610.5158,         13725.3761,          5848.5373,         12253.5910,         10110.9858,        402366.0987,        400185.3449,        396524.4399,        402337.3226,        397214.0068,          7591.8640,         10457.1240,         12381.1963,          7402.9640,          2267.5189,          8570.7261,             0.0000,         11823.6593,          8486.0450,          9645.4673,         13240.2207,        123912.0582,         11962.9055,        814122.9481,         10549.9898,         12845.8056,           768.3498,         10748.9741,          4181.3955,         10923.4875,         12583.0387,         13678.0470,             0.0000,         11917.7007,         11075.2030,         13401.4464,         13707.4849,             0.0000,        327238.4713,          8672.3878,          3803.2085,         13411.2835,         12021.3387,          3070.4847,          6826.4135,          2612.0275,        410761.2064,        408575.7388,        404934.7985,        410737.6919,        405589.2423,          8967.2932,          9341.0629,           993.7070,          5907.5942,          2599.2449,             0.0000,         13830.4294,         10370.3963,          2654.8553,         12443.4668,        117459.8375,          6757.5203,        808636.5462,          6138.7415,         10751.5968,          7388.2610,         13684.1345,          8125.4901,          9158.6199,          8987.2978,         11897.8716,             0.0000,         13781.7916,          8352.7729,         11093.5462,         12451.5391,             0.0000,        329641.9727,         12157.9221,          8164.7259,         11647.0672,          9315.6852,          8190.0122,          5042.4600,          5959.4702,        409689.7723,        407415.2311,        403716.4773,        409586.4107,        404446.4782,         12058.8095,          9693.9871,          9435.5644,         10437.2964,             0.0000,         10420.3372,         13849.8902,          8296.3862,         11712.0420,        119064.4453,          6107.8154,        815022.4855,         11780.3697,          4607.9194,         10870.2020,          9500.1902,         12711.9701,           779.4743,         11520.2336,         10775.0478,             0.0000,          9516.3361,         12742.1735,         11282.3157,          8768.8308,             0.0000,        336279.0166,          7239.1577,         12321.7866,          6426.7789,          2855.0292,         12215.2437,          5242.8450,          8941.3525,        410516.2196,        408240.4132,        404792.0418,        410504.0788,        405131.1074,          8949.0405,         12323.9753,          7385.5942,             0.0000,         10025.9301,          7372.4437,          8138.2520,          5105.1976,        122199.1406,          8076.1524,        812711.4902,          4035.1693,          9866.2954,         12031.2868,         11651.5265,         10250.6807,         11689.8236,          1064.0881,          4804.9753,             0.0000,         10580.6378,          2490.2692,          3166.9450,          7637.3161,             0.0000,        335356.2568,         13110.9841,         10290.1624,          9009.5385,         10482.4456,         10992.7768,         11893.7650,         12488.4564,        400571.6841,        398300.6763,        394663.3847,        400492.3144,        395301.2639,          5906.5023,          1928.8527,             0.0000,         13798.0533,          9676.6488,          3141.8455,         12234.3703,        118011.8585,          7320.9899,        808604.7126,          5556.9411,         11252.2963,          7104.7476,         13745.8483,          7479.4576,          9867.3100,          8683.2156,         11804.9853,             0.0000,         13845.2889,          7738.6680,         10907.8452,         12592.1717,             0.0000,        329195.4248,         12409.6247,          7575.1946,         12003.8820,          9967.3449,          7658.9739,          5797.3871,          6060.7827,        409113.8526,        406845.2316,        403129.2808,        409007.9693,        403887.3482,          7418.4673,             0.0000,         12756.4655,          9698.2470,          8111.1605,         13708.2268,        121659.3034,         10714.4792,        812428.0856,         10039.1162,         12260.7926,          2481.8737,         11727.4015,          5522.8960,          9942.8493,         12347.6391,         13827.2777,             0.0000,         12701.9196,         11097.9406,         13474.3166,         13767.5805,             0.0000,        327407.3323,          9317.7643,          5280.9512,         13102.8722,         11071.7379,          4699.0637,          5038.8865,           636.3910,        411793.0519,        409583.1590,        405931.1128,        411749.6350,        406598.2208,             0.0000,         13541.2172,          8992.2285,          3071.1031,         11196.8948,        118250.7182,          7050.2746,        808472.1001,          3731.9256,         11203.9611,          8186.2734,         13848.4381,          7774.4778,         10475.7164,          7123.7764,         10744.1525,             0.0000,         13706.5037,          6118.4240,          9651.0733,         11969.5867,             0.0000,        329994.9933,         13065.7205,          7932.3580,         11694.3828,         10204.4023,          8217.4401,          7279.0663,          7621.8273,        407302.8883,        405027.7744,        401301.0356,        407188.5225,        402075.5838,             0.0000,             0.0000,             0.0000,             0.0000,             0.0000,             0.0000,             0.0000,             0.0000,             0.0000,             0.0000,             0.0000,             0.0000,             0.0000,             0.0000,             0.0000,             0.0000,             0.0000,             0.0000,             0.0000,             0.0000,             0.0000,             0.0000,             0.0000,             0.0000,             0.0000,             0.0000,             0.0000,             0.0000,             0.0000,             0.0000,             0.0000,             0.0000,             0.0000,             0.0000,          9382.8022,         13462.1119,          5868.1551,        128347.8231,         11823.5513,        821766.3384,         12343.4742,          8375.7499,         11964.6118,          2566.4731,         11537.7582,         10176.5368,         10318.7342,          6808.3157,             0.0000,          1339.9648,         10961.1725,          8000.7552,          5635.0915,             0.0000,        338012.9956,          6376.2296,         11102.1778,          7129.8938,          9988.7972,         11444.0911,         12521.3663,         12668.5050,        402406.5658,        400210.6122,        396807.4399,        402462.4135,        397092.6130,         11067.1635,          8099.1517,        127168.6264,         12607.6101,        815456.3562,          7553.9337,         13294.3477,          7985.7988,         10211.3755,          4970.8776,         13837.9168,          8221.8598,          9372.1332,             0.0000,         10333.0684,          5876.4878,          8674.5297,         11196.1371,             0.0000,        330371.1776,         11438.0606,          5031.8311,         12631.2494,         13700.3137,          5870.3243,         12196.4253,         10092.1017,        402348.8854,        400164.6331,        396495.8083,        402314.9077,        397197.1313,         11392.0398,        116505.3348,          4481.5043,        808600.8191,          5420.7898,          9253.9121,          9488.0196,         13626.9886,          9903.0375,          8277.9623,          7528.0427,         10480.4569,             0.0000,         13345.7761,          7774.4916,          9664.3134,         11038.9783,             0.0000,        332014.1079,         12509.2514,          9909.7773,         10121.4045,          7886.2742,         10076.5579,          5886.3054,          8070.9269,        408352.4702,        406053.7768,        402383.9529,        408243.6695,        403065.3650,        125698.8712,          9855.5449,        817713.6901,          8646.6228,          8553.8415,         13091.1680,          8110.5313,         11636.1107,         11262.8121,          5473.0956,          1992.8959,             0.0000,          6567.2487,          6804.4390,          2639.8429,          4388.4081,             0.0000,        338311.5651,         10846.6535,         11448.4123,          6927.3809,         10140.4966,         12087.1018,         13157.4445,         13757.9289,        399364.5993,        397122.5369,        393616.3085,        399352.2868,        394055.0221,        116683.3527,        718361.7106,        119967.5950,        120322.6339,        123923.2250,        128288.2365,        125277.4524,        119033.7183,        121259.1342,        123916.4537,             0.0000,        127702.8189,        122430.1956,        123260.4033,        123743.5081,             0.0000,        355667.5052,        126148.4191,        125412.9167,        121734.3369,        118631.5542,        125298.8852,        118355.4181,        121440.1026,        471784.5113,        468471.7418,        464161.2593,        470701.0930,        465788.6998,        811034.5893,          7530.6889,          5515.3244,         11992.6909,         12172.0079,         12529.3602,          5697.1249,          7196.4346,          8386.6323,             0.0000,         11424.0724,          9018.6308,          8118.6660,          8042.3439,             0.0000,        336369.0934,         11486.4525,         12377.2970,          6517.0892,          4360.2552,         12593.0813,          7065.8152,         10494.3295,        407060.3454,        404743.6624,        401185.6185,        406980.5855,        401690.2655,        809713.7593,        816365.3045,        813743.4057,        822178.6935,        813684.0321,        815097.5540,        812246.8002,        816676.4837,             0.0000,        821828.0656,        811743.5073,        815237.3891,        818266.7936,             0.0000,        734886.5950,        820553.6555,        814133.8861,        817359.8010,        814671.5954,        814138.8257,        811836.1204,        812591.6956,        998378.1518,        994489.1285,        984962.7404,        993986.3680,        996293.9632,         11053.8973,         10101.8711,         13325.7586,          8567.7766,         11604.9491,          3949.3628,          8296.4371,             0.0000,         12754.5002,          2715.5077,          6867.2900,         10393.7958,             0.0000,        332043.6768,         13667.0261,          8746.3218,         10907.7674,         10794.0451,          9337.0688,          9986.0806,         10278.7034,        403588.2144,        401312.8118,        397597.6340,        403477.5194,        398355.4140,         13088.6047,          8511.6927,         13850.6172,          3874.7921,          9276.5262,          7249.3665,             0.0000,          7526.1033,         11360.5239,          8126.4324,          4768.4617,             0.0000,        339578.8023,          8355.9068,         13498.0530,          2027.0595,          2358.7214,         13675.3918,          8817.1146,         11924.4454,        406200.2935,        403912.1062,        400498.4412,        406192.1141,        400783.1387,         11036.3162,          3501.8000,         11304.6016,         12267.0040,         13563.1973,             0.0000,         12131.4301,         10608.0908,         13201.6256,         13779.3955,             0.0000,        326973.4899,          9189.6141,          3176.9504,         13591.2893,         12296.4354,          2436.7184,          7152.4632,          2954.1313,        410318.9179,        408132.9917,        404474.6051,        410288.6149,        405156.3849,         11287.2681,          9415.6202,         11870.3564,          8828.2625,             0.0000,          2073.3099,         12307.8757,          9934.7191,          7176.7323,             0.0000,        337033.7527,          4081.0467,         10770.3602,          7797.1471,          9755.3902,         10923.6386,         11559.3052,         11562.8447,        404748.3803,        402563.2740,        399176.9274,        404817.6929,        399437.0131,         12969.2682,         10737.9270,         12421.0383,             0.0000,         12068.2218,          8452.0449,         11804.9152,         13417.9703,             0.0000,        327082.3298,         10691.8446,           597.7394,         13899.8293,         13476.5453,          1225.2556,          9500.1946,          6056.3167,        407200.4420,        405020.3096,        401321.1188,        407158.4652,        402068.8705,         11121.1917,         10241.5925,             0.0000,          9265.6851,         12511.1748,         10787.5708,          8174.0846,             0.0000,        336901.0656,          7469.6834,         12587.9052,          5746.7177,          2108.7732,         12531.3969,          5779.5640,          9474.1962,        409885.7622,        407605.1591,        404162.6039,        409872.4985,        404492.0836,          4775.9057,             0.0000,         10751.3018,          3146.6942,          3182.6411,          7397.3035,             0.0000,        335762.0188,         13147.7627,         10762.7363,          8521.8869,          9810.8516,         11419.1860,         11505.1835,         12472.0466,        401032.9743,        398750.6303,        395120.0724,        400948.6504,        395745.4353,             0.0000,          7164.4838,          6943.4788,          1702.4034,          3331.5410,             0.0000,        339102.8537,         11127.2519,         12237.6047,          5633.3085,          8848.4570,         12829.9315,         12582.1639,         13819.7379,        399959.1439,        397693.7880,        394194.2117,        399933.9974,        394618.4954,             0.0000,             0.0000,             0.0000,             0.0000,             0.0000,             0.0000,             0.0000,             0.0000,             0.0000,             0.0000,             0.0000,             0.0000,             0.0000,             0.0000,             0.0000,             0.0000,             0.0000,             0.0000,         11607.6733,          8458.4070,          5365.8906,             0.0000,        338497.5111,          5621.8572,         11605.0503,          6407.8497,          9157.9307,         11875.3469,         12049.9813,         12548.0626,        403292.3604,        401089.4296,        397708.7486,        403351.9395,        397957.4294,          5440.9377,          9556.9237,             0.0000,        332888.8660,         13403.8773,          8603.5955,         10751.8322,         11630.7119,          9345.8112,         11539.4158,         11371.3170,        401465.2285,        399209.1703,        395516.6403,        401375.4209,        396242.9579,          4853.8047,             0.0000,        338028.6680,         11977.9924,         11697.4574,          6775.9474,          9387.8263,         12342.0035,         12450.4569,         13525.3257,        399860.0869,        397590.0328,        394041.9948,        399814.0791,        394541.0457,             0.0000,        340404.1376,          9229.3260,         13107.9298,          2824.6567,          6861.9177,         13531.3658,         11798.1735,         13615.4243,        401819.7319,        399554.3971,        396133.6907,        401823.6001,        396434.5938,             0.0000,             0.0000,             0.0000,             0.0000,             0.0000,             0.0000,             0.0000,             0.0000,             0.0000,             0.0000,             0.0000,             0.0000,             0.0000,        335002.3054,        327416.0960,        340344.8670,        338106.4040,        327009.4703,        331196.8967,        327770.4145,        633238.2020,        632365.3424,        624630.4247,        632258.8593,        632380.8840,         10118.0074,          8625.5492,          8650.8672,          9965.0841,          8848.8262,          8991.5622,        408768.5165,        406577.3140,        403173.4281,        408827.9350,        403458.2247,         13556.6903,         13143.5692,           865.0426,          9227.5423,          5782.8008,        407339.1363,        405160.2167,        401477.2990,        407303.9847,        402199.7683,          4306.7101,         13837.9968,         10235.8842,         12837.1561,        404269.0735,        401988.1276,        398582.3512,        404268.3399,        398856.6425,         13219.0077,          7002.4196,         10679.8483,        408198.0586,        405902.2911,        402455.5207,        408173.0195,        402789.7645,          8940.9617,          5209.7643,        408169.4190,        405993.1216,        402313.2205,        408137.1794,        403031.1443,          4553.5455,        412237.0627,        409976.9058,        406396.1690,        412186.9846,        406943.2978,        412088.8663,        409876.1513,        406237.9243,        412048.7379,        406882.8481,          5449.0916,         14031.7942,          5518.6242,          9884.9668,         11978.2523,          4974.8201,          7084.2433,          9510.3080,         17736.7169,         11978.2523,
    7200.000,      0.0000,             0.0000,             0.0000,             0.0000,             0.0000,             0.0000,             0.0000,             0.0000,             0.0000,             0.0000,             0.0000,             0.0000,             0.0000,             0.0000,             0.0000,             0.0000,             0.0000,             0.0000,             0.0000,             0.0000,             0.0000,             0.0000,             0.0000,             0.0000,             0.0000,             0.0000,             0.0000,             0.0000,             0.0000,             0.0000,             0.0000,             0.0000,             0.0000,             0.0000,             0.0000,             0.0000,             0.0000,             0.0000,             0.0000,             0.0000,             0.0000,             0.0000,             0.0000,             0.0000,          4962.1268,         12758.7716,         13569.2761,         10347.7489,          7099.7304,         13601.4311,         12245.6445,         11820.5608,             0.0000,          5357.4724,          9570.2765,         12440.8611,          3893.3015,        116363.8482,         10397.1562,        812657.4746,          9534.3259,          8508.8151,         11299.6708,          5099.8617,         11581.7884,          9970.4866,          7897.5937,          5138.8523,             0.0000,          2694.0063,          8009.3773,          5781.3857,          4091.4779,             0.0000,        331086.5345,         10771.8871,         10890.6891,          6919.9140,         12152.0617,         10746.9445,         11070.8337,         13202.0228,        405978.2708,        402597.8003,        404735.4821,        408595.3490,        403463.7251,          9984.2587,         13688.5266,         12889.6581,          9943.3735,         13542.9242,         11093.0085,         11623.9289,             0.0000,          7371.3515,          5398.5479,         11537.7751,          8387.4405,        116968.7589,         12979.4136,        809742.5134,         10233.6541,         11686.1484,          9463.5632,          4021.4166,          8352.3899,         12719.6866,         10752.3269,          9394.5186,             0.0000,          3881.5482,          6168.1730,          9730.7560,          8435.3359,             0.0000,        327351.8728,          9423.9630,          8495.7613,         10412.6599,         13629.5141,          7930.4136,         12740.8793,         10829.3494,        403580.4703,        400203.7023,        402434.8533,        406200.3570,        400984.2203,          7917.3714,         12487.7591,         12780.8560,          7475.2916,          7038.3402,          8242.8504,             0.0000,         12434.4562,          5518.8598,          6641.5122,         13747.1848,        126446.0719,         12468.0697,        814489.3445,         10414.6525,         13137.9062,          6782.8477,         10862.8446,          3752.0064,         12706.5806,         12798.3011,         13836.6950,             0.0000,         11975.8497,          8806.2083,         13651.0226,         13728.5979,             0.0000,        329278.1202,          7669.5625,          5899.9557,         13384.6511,         10667.2090,          5896.5230,         11092.5608,          1305.0703,        399560.1652,        396294.7294,        398678.2750,        402202.0226,        397017.2193,          6946.6118,         10824.5843,          1487.7252,          7322.0218,          7366.6898,             0.0000,         12238.0599,         11791.7469,          6965.1053,         12243.6975,        129744.9709,          6812.4200,        821338.6247,          9839.6837,          9128.5483,          9101.9459,         13268.0772,          9731.9652,          7335.5642,         10081.0340,         11586.8015,             0.0000,         13632.5960,         12174.1659,         11261.7050,         12147.8557,             0.0000,        336732.0370,          9092.6558,          9489.9026,         10624.5485,          4350.2251,         10256.1208,          5697.4348,          6871.2645,        401230.0042,        398005.5629,        400286.8801,        403875.9347,        398856.2631,          7971.1485,          7701.5404,          9520.5053,         10101.3024,             0.0000,          8636.8811,         13842.6837,         10831.5478,          7566.3001,        125790.1691,          1464.5382,        821314.6700,         10111.8592,          4761.3980,         10793.0990,         11493.4399,         12766.3148,           965.2183,          7079.7763,          6563.6762,             0.0000,         10994.7543,         12940.0214,          6665.1243,          7173.8764,             0.0000,        339430.1140,         10039.4496,         11422.4062,          6526.4995,          4774.9333,         12146.8730,          2708.3873,         11955.1473,        403725.1578,        400445.6962,        402570.8124,        406358.2482,        401402.1835,         10416.6015,         13599.5973,          7370.3970,             0.0000,         10050.3606,         11815.5858,          8892.1267,          4923.7425,        120173.7586,          7007.7756,        819135.6506,          4481.3650,          3592.3801,         13742.4631,         10982.6963,         13599.2545,          7144.8227,          1231.0592,          4440.8278,             0.0000,          9275.4423,          7775.4878,          3087.1153,          6409.4104,             0.0000,        333647.6197,         13348.7959,         13488.2156,          2025.2974,          7658.9978,         13664.7002,          9795.5353,         12582.9420,        409662.6935,        406354.1688,        408544.7793,        412293.2297,        407223.3211,          8202.6120,          6100.8548,             0.0000,         12837.4150,         11380.3319,          5637.1035,         12374.1296,        129470.8266,          7318.4736,        821416.8810,          8885.0671,          9111.8761,          9750.8770,         13563.7949,          9773.2982,          7928.7433,          9717.3736,         11739.7466,             0.0000,         13817.1283,         11385.6521,         11258.4227,         12472.7219,             0.0000,        335766.2476,          9852.4738,          9930.3166,         10485.3048,          4282.7263,         10591.3716,          6822.3917,          6354.5474,        402192.6224,        398972.8745,        401280.7635,        404839.9816,        399801.1975,         11964.3811,             0.0000,          9014.1337,          9504.9672,         11109.6929,         12531.1459,        127373.0490,         10321.1363,        814983.7665,         13445.5152,         12405.8197,          2389.8145,          9265.4090,          5558.5148,         10179.1922,         13335.6594,         12494.4971,             0.0000,         10857.0035,         12831.9656,         12919.7870,         11672.9883,             0.0000,        334579.2004,          2405.7502,          3570.9686,         13132.2121,         10269.5915,          4603.5176,          7141.1959,          7049.0863,        396186.5109,        392897.3555,        395135.2843,        398821.1176,        393743.4106,             0.0000,         13553.0438,          9816.0965,          1908.0843,         11069.8208,        125285.8749,          9121.1480,        820104.7672,          3682.9358,          8282.1973,         12469.1018,         13321.0617,         10933.9495,          9739.8409,          7151.3089,         10668.4885,             0.0000,         12823.9693,          7065.0527,          9680.1779,         11944.8980,             0.0000,        331670.3353,         12660.5127,         11989.8415,          8599.0056,          6421.5431,         12188.9486,         10521.0000,          7602.4652,        407071.3162,        403829.0047,        406176.8935,        409716.2590,        404599.4172,             0.0000,             0.0000,             0.0000,             0.0000,             0.0000,             0.0000,             0.0000,             0.0000,             0.0000,             0.0000,             0.0000,             0.0000,             0.0000,             0.0000,             0.0000,             0.0000,             0.0000,             0.0000,             0.0000,             0.0000,             0.0000,             0.0000,             0.0000,             0.0000,             0.0000,             0.0000,             0.0000,             0.0000,             0.0000,             0.0000,             0.0000,             0.0000,             0.0000,             0.0000,         10686.3717,         13796.2128,          6041.4150,        119555.2460,          9431.1667,        812902.4730,         12471.7759,          9500.3142,          8275.0437,          4099.9345,         10404.7678,          8749.4760,         10256.5230,          6659.0183,             0.0000,          4062.4288,         11502.4321,          7850.3689,          4570.3979,             0.0000,        334311.4695,          7337.2875,          8501.1427,          9035.9787,         11821.3175,          8693.8378,          8383.7671,         12801.7329,        401394.6442,        398020.2547,        400109.8056,        404011.3578,        398939.2368,          8882.7563,         11942.9903,        121004.1801,         13823.3751,        810591.4982,         10088.4938,         13287.1758,          7994.1222,          7663.8164,          4729.4988,         13837.3873,         12344.1891,         12531.2811,             0.0000,          8590.2545,          5803.7135,         12507.8732,         12054.3661,             0.0000,        326105.7560,          8614.7778,          6611.6951,         12637.2184,         13081.0439,          5908.1796,         13039.6740,          6626.4415,        401535.9423,        398208.8787,        400554.3797,        404166.7575,        398919.2574,         12100.8983,        126062.7256,         10036.4913,        819259.6568,          5250.8713,          9668.8903,         11570.6893,         13228.4083,          9675.4808,         10620.1846,          8723.4303,         11797.2681,             0.0000,         13075.5626,          7190.7720,         10958.8366,         12801.5010,             0.0000,        330917.3830,         11923.4512,         11013.4140,         10024.2644,          7197.9099,         11185.3419,         10780.1371,          5949.2381,        405561.2871,        402323.6485,        404699.4430,        408207.5602,        403071.5718,        118319.9358,          7453.5066,        816347.6100,          8730.9698,          5250.5283,         12313.6999,          7907.8957,         13209.9328,          6990.5038,          5320.9682,          1315.2176,             0.0000,          5920.6693,          9605.1247,          2330.5708,          1732.1163,             0.0000,        334472.9257,         11608.7141,         12260.2710,          3801.3461,          9847.2216,         12427.5464,          9068.6337,         13829.4673,        407190.3627,        403836.0970,        405939.9627,        409810.9706,        404753.9531,        125675.1414,        747440.4119,        121935.9163,        122662.8991,        125501.7113,        118121.9422,        124724.4056,        125206.5569,        121261.2656,        119335.2593,             0.0000,        116848.0357,        119078.6718,        119661.4706,        118744.3069,             0.0000,        290356.3978,        125186.5219,        124719.0949,        120549.1726,        127637.6153,        124006.7326,        127060.5804,        127379.3545,        472097.5296,        467756.6587,        469118.6939,        474455.4597,        468449.1117,        821957.9843,          9044.9443,          3699.1516,         11551.0082,         12020.9537,         13105.2259,           895.0389,          6002.0633,          6349.9768,             0.0000,         11333.7249,         12379.9724,          6138.5753,          7400.6812,             0.0000,        339040.4483,         10895.0023,         12043.2006,          5694.1683,          3790.1433,         12715.7894,          3827.7405,         11876.2507,        404953.7536,        401681.6708,        403824.6618,        407588.5536,        402626.1310,        819098.9835,        821057.9720,        812730.3676,        809942.5332,        811733.3036,        821441.4869,        820148.6070,        817631.9524,             0.0000,        810923.9345,        813621.1508,        818424.2639,        815835.5064,             0.0000,        625031.7068,        813049.0508,        811997.9393,        819515.2094,        822944.2199,        811140.9842,        820266.1158,        815776.2571,        773512.0041,        769010.4934,        769773.5414,        773264.9565,        765682.9897,          6778.4509,         13576.3756,         12279.7059,         12257.0828,          9490.0314,          4724.2954,          8465.1807,             0.0000,         11147.5728,          5573.6237,          7301.8484,          9987.9865,             0.0000,        331108.8917,         13565.4663,         13031.8426,          6237.8963,          7658.7727,         13104.9996,         11209.7167,         10123.8464,        409350.7824,        406073.8293,        408371.4347,        411989.0891,        406864.9555,         13072.8989,         11574.5921,         13859.1645,          3833.8195,          2569.5698,          4080.2515,             0.0000,         10217.3595,         10447.5880,          3173.6826,          6030.1463,             0.0000,        336931.1148,         12494.2348,         13203.8722,          2198.7509,          5476.7468,         13636.5444,          7055.2397,         12724.8505,        407965.1915,        404672.8837,        406822.4769,        410597.1232,        405594.2653,          7628.0307,          4125.7142,         11335.2523,         13690.9803,         12527.4528,             0.0000,          9549.0520,         11995.1877,         13039.7982,         11444.9904,             0.0000,        332628.2046,          1199.9962,          1471.1920,         13415.5948,         11688.5611,          2439.6119,          8706.2642,          7227.9889,        396157.9857,        392844.7750,        395087.0693,        398788.7933,        393668.2381,          8362.0711,         11540.6022,         11510.0701,          8853.3738,             0.0000,          2498.6693,          9505.5214,          9694.1433,          7122.6838,             0.0000,        330306.3239,          7176.5061,          7166.9892,         10698.4448,         13468.3106,          6857.8754,         10979.1236,         11600.4723,        401061.2221,        397675.3879,        399835.2294,        403677.8259,        398518.5718,         13087.2381,         13749.1801,         13544.8722,             0.0000,         10079.0934,          9654.9555,         13735.6015,         12818.9073,             0.0000,        329095.4670,          5149.3629,          2810.1821,         13883.2590,         12338.6573,          2394.8706,         11112.9378,          4787.9080,        397645.1074,        394340.3358,        396669.7767,        400279.3165,        395085.7475,          6219.7929,          5907.6610,             0.0000,         10844.7032,         12535.8090,          5885.8675,          6781.1801,             0.0000,        339137.9442,         10605.9249,         11868.4939,          5661.5106,          4624.9727,         12539.4234,          3602.4061,         12185.5053,        404662.2067,        401380.6808,        403506.7418,        407295.0306,        402334.2250,          4560.2156,             0.0000,          9935.2135,          8583.8112,          3188.9850,          6637.0732,             0.0000,        334699.5308,         13269.0162,         13544.4252,          1747.6473,          6642.0284,         13809.5731,          9036.8406,         12486.4658,        409383.8134,        406086.3966,        408273.0418,        412016.0193,        406967.9478,             0.0000,          7042.4165,         10080.9302,          1431.7224,          2292.6207,             0.0000,        335488.3914,         11803.8207,         12569.8111,          2894.7026,          8892.5013,         12829.2088,          8335.5271,         13795.1916,        407378.9061,        404037.6551,        406140.1821,        410001.6184,        404966.6991,             0.0000,             0.0000,             0.0000,             0.0000,             0.0000,             0.0000,             0.0000,             0.0000,             0.0000,             0.0000,             0.0000,             0.0000,             0.0000,             0.0000,             0.0000,             0.0000,             0.0000,             0.0000,          8787.9477,          7876.9210,          5400.5252,             0.0000,        330598.8087,          9027.6134,          9120.0824,          8998.8373,         13031.4441,          8887.3890,         11084.2417,         12590.1623,        403448.8071,        400059.7135,        402200.8777,        406064.4312,        400916.9048,          9513.5777,         10536.3337,             0.0000,        326701.5178,         12223.4915,         10963.2824,          9285.4324,         11564.9054,         10598.7014,         13278.9827,          9238.2993,        407187.5009,        403867.3552,        406194.3435,        409819.2481,        404597.9921,          3659.5112,             0.0000,        335217.7604,         12406.5217,         13009.5244,          1517.2338,          8253.2502,         13261.6534,          8611.2033,         13536.6418,        408294.1950,        404964.5655,        407089.8323,        410919.4754,        405880.4537,             0.0000,        335151.9666,         10627.2989,         11534.2497,          5088.6803,         10137.6260,         11756.3770,          8374.1395,         13844.3543,        405697.1007,        402337.0836,        404420.3725,        408316.1306,        403270.8265,             0.0000,             0.0000,             0.0000,             0.0000,             0.0000,             0.0000,             0.0000,             0.0000,             0.0000,             0.0000,             0.0000,             0.0000,             0.0000,        333464.4060,        331222.3551,        335307.4323,        337709.5338,        330230.2458,        339096.6328,        330216.7392,        550207.7066,        546598.1639,        552038.3043,        552247.4597,        542977.3830,          2420.0863,         12862.9178,         11388.7081,          3292.5407,          7963.4361,          8033.5353,        396419.7233,        393100.8792,        395314.4801,        399048.8951,        393947.3102,         13361.6219,         11979.0916,          1034.3765,          9539.5842,          6564.4332,        396754.7280,        393437.6916,        395703.0221,        399385.4623,        394235.7826,          7298.8612,         13642.2653,          8597.9316,         13156.7116,        408868.4119,        405555.2962,        407704.2731,        411497.0449,        406460.9823,         12630.3452,          5498.2569,          9797.0086,        405076.7811,        401840.2556,        404070.5566,        407719.5627,        402728.4409,         10387.5444,          6735.3056,        396900.0270,        393575.5977,        395850.3685,        399529.7417,        394358.8103,         10564.7174,        401141.5131,        397866.4826,        400012.4930,        403775.8664,        398807.9167,        399823.6725,        396571.9534,        398956.5494,        402467.7780,        397303.7857,          5943.0288,         13172.9078,          2803.4900,          9087.0878,         10009.0255,          7171.2571,          8006.4409,         12862.6956,         17434.0105,         10009.0255,
   10800.000,      0.0000,             0.0000,             0.0000,             0.0000,             0.0000,             0.0000,             0.0000,             0.0000,             0.0000,             0.0000,             0.0000,             0.0000,             0.0000,             0.0000,             0.0000,             0.0000,             0.0000,             0.0000,             0.0000,             0.0000,             0.0000,             0.0000,             0.0000,             0.0000,             0.0000,             0.0000,             0.0000,             0.0000,             0.0000,             0.0000,             0.0000,             0.0000,             0.0000,             0.0000,             0.0000,             0.0000,             0.0000,             0.0000,             0.0000,             0.0000,             0.0000,             0.0000,             0.0000,             0.0000,          3055.9632,         13657.1968,         10422.5452,         10225.1849,          5677.3052,         11095.5103,          8440.4563,         11524.1407,             0.0000,          5375.6345,          9280.0797,         12414.0670,          1027.0877,        126477.0747,          6757.7586,        813725.5991,          9360.7572,         10760.0411,          7667.7256,          8161.8816,          9383.8421,         10261.2189,          6044.4351,          1954.6740,             0.0000,          7372.9389,          7808.9314,          3008.4670,          2910.8188,             0.0000,        333743.0031,         11830.3801,          7546.8252,         10096.1477,         13249.4119,          7488.2458,          8616.2565,         13844.1442,        402230.1007,        400025.9466,        405834.7587,        406400.0931,        402418.1549,         13310.5619,         12042.7114,         11923.4192,          7698.1858,         12567.1972,          9516.2069,         12409.6687,             0.0000,          4386.7582,          7164.4053,         12197.5644,          3789.4249,        126731.8578,          9091.3380,        816492.7699,         10393.2315,         11507.2861,          8344.3722,          5497.8399,          8568.1559,         11809.5031,          8176.2821,          4415.5601,             0.0000,          4739.3303,          6162.6213,          5466.5559,          2626.4915,             0.0000,        332675.5334,         10752.3339,          8313.5147,         10452.2966,         13680.1094,          7264.8957,         10570.5213,         13576.3526,        403476.6368,        401258.5513,        407034.1392,        407660.8976,        403717.2770,          8531.3373,         10010.8448,         13160.8263,          7845.3137,          9656.0531,          9113.0969,             0.0000,         11807.9942,          9437.2429,          8119.5864,         13763.4623,        117918.2989,         12434.5935,        821140.8940,         11506.6665,         10228.5474,         10133.9395,         10980.8111,          8680.4272,         10166.5168,         12973.8234,         13816.7361,             0.0000,         11927.5808,         12228.0317,         13693.7305,         13737.3095,             0.0000,        334816.8878,          5184.6340,          9922.5174,         11038.3485,          5607.1958,         10264.0881,         10891.6822,          1735.4013,        400663.6856,        398284.9195,        403895.9658,        404931.1937,        400834.4360,          5164.9344,          8955.2918,          1221.0016,          5597.0572,          8001.2098,             0.0000,         10789.6511,         12443.5233,         10822.0748,         10208.5894,        119083.4452,          6859.5101,        813278.6927,          9413.2368,          9275.4290,          7193.8592,         13425.3722,          9799.8623,          6230.4524,          8399.0866,         10141.6433,             0.0000,         13671.4851,         13483.2875,          9603.3963,         11885.8767,             0.0000,        337794.1470,         10160.9110,          6790.7497,         10740.4602,          7501.3970,          9118.1731,          5470.4156,          8710.9842,        399412.8432,        397114.3738,        402857.7499,        403620.2147,        399463.6815,          6116.6429,          4745.5889,          9616.0607,          3874.3292,             0.0000,         12529.8642,         13832.5140,          7935.2306,          9596.1588,        123637.1998,          4359.6487,        811439.4422,          4968.9187,          4928.9625,         10701.2607,         13683.0607,         12768.3902,          1199.2168,          5520.5700,          9073.0477,             0.0000,         13030.7790,         11541.8784,          8161.8483,         10697.4064,             0.0000,        333066.2081,         12475.7857,         10282.6833,          6722.3801,          6047.0806,         12065.9938,          1888.1544,          9297.9365,        395074.5490,        392795.3640,        398547.4080,        399277.3840,        395175.0760,          9232.3752,         10298.7297,          7355.5981,             0.0000,         10080.8603,         12534.7097,          9577.3275,          4732.1022,        127805.6030,          2552.0265,        810864.7276,          4573.8991,          6417.1836,         10496.9399,         11279.6386,         12567.8108,          5797.8735,           736.9112,          3872.8342,             0.0000,          9896.2291,          8237.9212,          2805.4171,          5683.9263,             0.0000,        331192.7625,         13541.9092,         10176.5378,          6216.1417,         10439.2930,         11166.7227,          4441.7093,         12697.5678,        396740.8479,        394525.8331,        400330.9914,        400914.7332,        396906.5824,          6527.8722,          7246.7676,             0.0000,         11461.1201,         12652.2574,         10067.4812,         10846.9848,        119087.4856,          7203.4051,        813637.1565,          9082.0301,          8697.5476,          8059.7386,         13603.5823,         10245.2370,          5758.7748,          8677.4430,         10720.2850,             0.0000,         13814.1353,         13454.9165,         10143.0010,         12312.3631,             0.0000,        337142.3414,         10081.4545,          7658.9167,         10299.4016,          6441.2144,          9826.2001,          5456.9771,          7867.6430,        398634.9852,        396324.9950,        402053.0541,        402849.8071,        398692.6501,         11883.9515,             0.0000,          6593.3537,          9292.9293,         13370.4956,          8783.8832,        118198.2294,          9035.8990,        815807.8390,         12258.4909,         12540.9165,          1833.6365,         10902.8093,          5567.7945,         10411.8736,         10029.6356,          9244.2451,             0.0000,         11837.0067,         13026.0817,          9332.6557,         10536.9874,             0.0000,        339972.3995,          8156.6225,          1541.1881,         13187.5459,         11216.5905,          4167.3908,          9042.3238,         10604.1417,        404638.5873,        402357.8589,        408112.1036,        408838.9985,        404716.6838,             0.0000,         13548.9076,         13511.1486,          4432.1095,         10935.2126,        125053.6611,          6858.3984,        813620.3889,          3646.9028,          2010.9259,         12656.2337,         12981.2745,         13553.8089,          2928.5755,          7070.1740,         10354.9549,             0.0000,         12106.9701,         10049.9404,          9586.6746,         11031.2192,             0.0000,        329914.3891,         12191.8203,         12269.1496,          4147.3551,          4139.1248,         13440.4671,          4975.7742,          7872.9346,        393644.4742,        391341.8959,        397046.4862,        397868.8395,        393811.1208,             0.0000,             0.0000,             0.0000,             0.0000,             0.0000,             0.0000,             0.0000,             0.0000,             0.0000,             0.0000,             0.0000,             0.0000,             0.0000,             0.0000,             0.0000,             0.0000,             0.0000,             0.0000,             0.0000,             0.0000,             0.0000,             0.0000,             0.0000,             0.0000,             0.0000,             0.0000,             0.0000,             0.0000,             0.0000,             0.0000,             0.0000,             0.0000,             0.0000,             0.0000,          5302.2412,         13490.3810,          6301.7579,        122521.1875,         10462.2257,        818238.7608,         12573.4514,         13264.8406,          4949.3758,          5877.9019,          4786.9953,         12771.3442,         10288.0923,          7128.2539,             0.0000,          6912.6097,          9282.1000,          7973.1610,          6676.1862,             0.0000,        336519.3842,          8236.7760,          5096.5371,         12781.7522,         13661.0589,          3196.7585,         11445.8848,         12607.0760,        406404.9964,        404156.9453,        409912.2688,        410600.8210,        406599.1049,         11854.1780,          9988.6026,        121779.0766,         13097.9012,        822704.0282,         13283.8127,         13285.0747,          7997.6082,          3193.6076,          4563.8788,         13840.1340,         12780.0166,         10538.1700,             0.0000,          5564.9282,          8451.7785,         11227.4761,          9075.9146,             0.0000,        334426.5507,          5081.2753,          8093.5625,         12623.6971,         12584.5588,          5942.7402,         13329.8368,         10295.7889,        406313.0510,        404010.9743,        409682.1705,        410547.6319,        406573.2040,         12049.9937,        125705.4676,          9960.9346,        817509.3642,          5826.5446,          4149.1175,         13684.5746,         11048.6232,         13174.0864,          7086.6641,          9599.2281,         11608.6690,             0.0000,         10207.4618,          8127.5079,         11197.2862,         11138.2269,             0.0000,        327719.4594,         10867.3268,         13373.5162,          4198.0150,          4862.1931,         13725.5546,          8653.6251,          6701.7135,        394652.3557,        392325.3585,        397974.7956,        398900.2895,        394900.5544,        126947.4455,          5943.1555,        812966.9544,          8605.9172,         10114.6540,          8201.7528,          8773.1763,         10086.7054,          9589.0048,          5120.2908,           944.9370,             0.0000,          7783.6276,          7764.8164,          2003.7272,          2870.6922,             0.0000,        333252.0152,         12310.4784,          8037.0419,          9476.3420,         12931.6004,          8229.9763,          7924.2048,         13836.0073,        401247.9673,        399046.7212,        404860.4516,        405415.8326,        401431.8999,        125814.2193,        866511.8629,        127852.1810,        126835.8810,        118816.7881,        124958.2664,        118400.3591,        124593.3686,        127330.7298,        127442.4580,             0.0000,        127147.8952,        129081.6855,        127465.8786,        128388.6996,             0.0000,        440187.6849,        117967.1329,        118945.4468,        128326.2788,        121511.6476,        119487.1989,        124487.0430,        119099.3149,        472671.1030,        469577.7170,        474513.0095,        477120.0246,        471595.9376,        810231.3249,          5211.5351,          6620.2334,          9645.5704,         12433.7872,         12276.5647,          4490.2960,          1841.8264,          5312.3832,             0.0000,         11460.9677,         10144.7558,          4253.3080,          7581.5781,             0.0000,        333103.4204,         13263.6285,          9276.3952,          7234.6790,          9591.4305,         10830.0276,          2475.4980,         12044.0066,        396777.1357,        394549.1237,        400354.4731,        400952.6247,        396894.7021,        812311.1533,        813495.5141,        816753.1898,        821635.7523,        820917.0545,        811614.8480,        810586.9446,        812450.6708,             0.0000,        820066.8211,        818085.1316,        811718.8398,        814711.4817,             0.0000,        891589.2153,        822961.1027,        816520.4406,        814207.5585,        816688.8508,        818594.3837,        810918.8038,        820480.3633,        699881.1860,        703908.0839,        710210.3259,        696820.5015,        694501.4510,          2069.3292,         12695.5241,         12034.1393,         13855.4351,          3890.3270,          4533.3551,          7851.4831,             0.0000,         10596.8503,          8066.7266,          7032.4628,          8466.9318,             0.0000,        328653.1082,         13334.1028,         12334.2401,          2328.5678,          7463.5506,         13260.7059,          4679.1301,         10499.5247,        393862.5548,        391604.1797,        397351.1768,        398065.0675,        394057.2981,         13081.7548,         12289.4026,         13864.2845,          3793.1942,          6302.9570,          9455.1710,             0.0000,         11076.1812,          8628.9524,          8713.4427,          9858.1133,             0.0000,        328520.4562,         12712.1018,         12713.7291,          2221.5820,          5753.9025,         13632.8691,          5375.0138,          9022.3544,        393469.2642,        391184.1251,        396899.3201,        397687.4347,        393666.7534,          9646.4376,          4329.3400,         11364.2424,         10351.0007,          8807.9463,             0.0000,         10740.1937,         12326.9356,          9119.9544,          9741.5361,             0.0000,        339645.4640,          7701.0885,           423.3468,         13434.1275,         12088.1295,          2425.5932,          9962.1662,         11153.8098,        405759.4300,        403485.7671,        409239.7356,        409959.0564,        405864.1186,          7233.0256,         13457.5769,         11683.2272,          9206.1861,             0.0000,          2496.5372,          5746.6774,          9965.4748,          7057.5137,             0.0000,        331713.6113,          7652.0716,          9674.2175,         11150.3981,         12912.0079,          7779.0849,         12981.9508,         11394.6705,        404649.1724,        402371.9817,        408059.9442,        408874.1499,        404947.9249,         13170.4574,         12581.6230,         10721.4897,             0.0000,          9126.3106,         11456.2653,         11240.8617,         10470.9172,             0.0000,        338392.7854,          4396.1643,          4516.3104,         13870.2996,         12212.8852,          2658.4342,         12324.6452,          9970.0527,        407193.5653,        404887.3903,        410582.5617,        411419.6784,        407363.6511,          5279.5332,          8995.4816,             0.0000,         12635.0312,         10878.0253,          8073.0345,         10408.4982,             0.0000,        331874.9644,         12690.7557,         10953.2294,          5634.8536,          5845.8269,         12545.1212,          2257.9457,          9301.3432,        394424.0641,        392145.9410,        397892.9422,        398628.9231,        394545.5549,          4311.8144,             0.0000,         10403.4760,          8801.4572,          3207.6001,          6288.2640,             0.0000,        331629.4532,         13531.0541,         10013.9472,          6360.4245,         10137.9059,         11171.8576,          3790.5209,         12508.8236,        396583.4966,        394365.0348,        400170.6193,        400757.7149,        396735.5303,             0.0000,          8031.7505,          7593.5504,          1151.0156,          2922.5761,             0.0000,        332624.6244,         12695.1953,          8609.7360,          8806.4652,         12602.9663,          8950.5544,          7369.2082,         13773.9021,        400306.3573,        398106.1816,        403921.2111,        404473.7311,        400490.9197,             0.0000,             0.0000,             0.0000,             0.0000,             0.0000,             0.0000,             0.0000,             0.0000,             0.0000,             0.0000,             0.0000,             0.0000,             0.0000,             0.0000,             0.0000,             0.0000,             0.0000,             0.0000,          3473.9244,          8745.6006,          5486.3128,             0.0000,        329827.0920,          9473.5196,         10698.6396,          9618.9178,         12772.5413,          9206.9752,         12204.8183,         12008.9260,        402723.4696,        400464.9760,        406170.6329,        406939.4231,        403035.8914,          7948.0167,          5256.9810,             0.0000,        327455.9914,         11219.8736,         12175.2889,          6797.2256,         11555.1092,         11350.0591,         10787.1358,         11822.3032,        399281.4970,        397028.9823,        402741.2337,        403494.6778,        399597.9932,          3777.5204,             0.0000,        332459.2243,         13001.7707,          8877.8360,          8220.0272,         12057.0244,          9508.6835,          6407.4400,         13550.9080,        399327.1000,        397125.1884,        402942.2870,        403494.1083,        399499.8576,             0.0000,        330968.8330,         12107.7821,          9609.5278,          8649.8201,         13026.6052,          9157.6012,          9244.1035,         13685.7890,        400971.1038,        398763.4473,        404551.3582,        405149.5940,        401212.7793,             0.0000,             0.0000,             0.0000,             0.0000,             0.0000,             0.0000,             0.0000,             0.0000,             0.0000,             0.0000,             0.0000,             0.0000,             0.0000,        336301.9425,        339432.4436,        327211.1884,        331858.1012,        338774.9751,        333167.4210,        333394.5130,        316702.1742,        315873.9303,        317823.5824,        319726.0234,        323360.4070,          7691.8172,         12834.6312,          9855.8384,          6743.7739,         12608.7049,          6570.4391,        405123.8845,        402771.9907,        408404.0745,        409379.6999,        405324.7564,         13103.3052,         11734.2652,          2701.7165,          9554.1781,         10901.4882,        405343.7456,        403069.6935,        408823.7563,        409543.4456,        405447.0583,          7314.1881,         13637.1016,          6682.3432,          9910.3557,        393933.8678,        391661.0219,        397377.3469,        398149.8097,        394171.7292,         12799.0086,          7486.0130,          4200.2522,        395528.9632,        393178.4126,        398829.0439,        399779.1749,        395685.7116,         11291.5703,         11355.6864,        406885.0670,        404609.7490,        410348.0464,        411090.8862,        407032.8589,         10342.0328,        395870.4711,        393613.2801,        399388.7183,        400061.4254,        395977.0275,        398989.0321,        396611.0333,        402220.4673,        403257.3590,        399169.3910,          5658.8292,         12133.1821,          5268.0119,          8202.1137,          8764.5856,         10506.1510,         10070.9520,         14880.0920,         16144.8880,          8764.5856,
   14400.000,      0.0000,             0.0000,             0.0000,             0.0000,             0.0000,             0.0000,             0.0000,             0.0000,             0.0000,             0.0000,             0.0000,             0.0000,             0.0000,             0.0000,             0.0000,             0.0000,             0.0000,             0.0000,             0.0000,             0.0000,             0.0000,             0.0000,             0.0000,             0.0000,             0.0000,             0.0000,             0.0000,             0.0000,             0.0000,             0.0000,             0.0000,             0.0000,             0.0000,             0.0000,             0.0000,             0.0000,             0.0000,             0.0000,             0.0000,             0.0000,             0.0000,             0.0000,             0.0000,             0.0000,          1104.8103,         11820.1076,          9113.4415,         13306.0924,          5526.7186,          9251.3595,          7789.5067,         10795.0676,             0.0000,          6503.5841,          3483.0169,         12390.9234,          3483.0317,        125173.4650,          9884.3984,        819082.7030,          9126.9961,         13306.1892,          6865.9822,          9969.9774,          4445.8572,         13407.0126,          6061.1097,          5018.8163,             0.0000,          9985.2333,          6620.1493,          4685.8387,          8021.0513,             0.0000,        337500.8054,         12499.4134,          8304.2996,         12843.9786,         13818.2300,          4907.4943,         12601.2272,         12888.6299,        393435.9514,        392243.7023,        400189.4322,        398190.5958,        395572.6390,         11917.0704,          8455.3606,         12956.2649,          4591.1480,          8629.6464,          7486.6773,         10078.5321,             0.0000,          7413.1961,          4537.3291,         11897.4334,          3469.2525,        124331.6861,          9119.0350,        819873.8714,          8261.7770,         13127.5704,          6689.4399,         10587.9859,          4985.7161,         13077.6936,          5130.2783,          4720.3564,             0.0000,         10466.2750,          6157.0984,          4174.7357,          8038.2610,             0.0000,        336597.2242,         12862.2909,          8007.8939,         12710.1546,         13789.0501,          4976.5746,         12184.1938,         12827.5753,        394144.7964,        392941.9150,        400880.6070,        398913.5603,        396282.6424,          7989.3528,          7366.6142,         12734.8085,          7655.2460,          6826.3247,          9347.6404,             0.0000,         11168.6792,         11231.1167,         10587.4680,         13263.4342,        126676.9209,         11875.7478,        811554.9031,         11375.0622,         10173.7773,          7223.9408,         11088.1718,          9000.4313,          8245.6148,         12704.3724,         13634.5811,             0.0000,         12009.2254,         13701.9319,         13424.7391,         13744.6400,             0.0000,        332668.1080,          5590.6956,          6072.7601,         11179.4074,          8140.3999,          8593.3711,          9458.4073,          2768.4819,        402081.5628,        400969.5552,        408972.3562,        406712.6265,        404244.4767,          7650.4884,          7442.5622,           396.6231,          3805.4391,          4064.8168,             0.0000,         12690.2603,         11010.3350,          8494.0398,         10431.3617,        122042.9285,          6919.4013,        818667.9367,          5327.7448,         10974.3391,          4907.6915,         13835.3743,          8530.8068,          8539.4557,          7263.7637,         10355.9047,             0.0000,         13815.4088,         10091.6587,          9598.6490,         12225.1596,             0.0000,        329968.1037,         11673.1291,          3469.0309,         11699.8656,         11093.4601,          6698.7140,          8317.9426,          7865.5362,        402229.1237,        401019.3274,        408959.6564,        406992.4667,        404404.1309,         11070.4323,          7547.0636,          9779.9792,          5274.1061,             0.0000,         13574.9180,         13824.8024,          4252.2746,         13112.6824,        119361.1510,          7344.4902,        817385.5638,          7757.2876,          5054.5311,         10631.9929,         12057.8715,         12866.8043,          1398.0987,         10721.9093,         12463.8686,             0.0000,         11805.5230,         11463.6805,         12245.6335,         11812.7600,             0.0000,        326756.4102,          8349.7074,          8965.4726,          6603.9838,          4717.0705,         12016.9216,          2934.9436,          4920.2725,        405797.5121,        404670.7918,        412649.9622,        410474.6227,        407881.5156,          7755.6386,          8652.9670,          7344.0195,             0.0000,         10170.9768,          8343.0194,          8875.8992,          4559.4161,        119828.4776,          5190.5702,        823101.7874,          4552.2755,         11091.1285,          8551.1357,         11746.3237,          8758.1165,         11000.2699,           590.4459,          3810.3379,             0.0000,         10958.8847,          3592.6020,          2822.5608,          6944.0670,             0.0000,        332390.8981,         13629.3642,          8872.6345,         10682.5120,         12591.2449,          8014.2006,          9599.6604,         12665.6278,        397371.7934,        396156.4744,        404079.2310,        402169.1866,        399471.8990,          3618.0917,          4228.4792,             0.0000,         12682.8219,         11045.4014,          8590.1945,         10630.4892,        122305.7069,          7192.8499,        818288.9804,          5651.2141,         10973.4637,          4773.2134,         13803.6046,          8481.1235,          8478.2194,          7586.4750,         10589.8528,             0.0000,         13832.6449,         10348.1057,          9852.1598,         12395.3307,             0.0000,        330032.9987,         11460.9107,          3211.4508,         11736.3470,         10985.6491,          6657.6586,          8348.4318,          7566.9685,        402323.1994,        401116.4715,        409059.3030,        407081.4331,        404500.6474,          7538.8297,             0.0000,         11024.5380,          9053.3516,         11150.3528,         10170.0566,        125738.1770,          9780.7048,        815900.5634,          8318.8156,         12678.4719,          1337.5158,         13030.4222,          5580.4330,         10672.3002,          8732.1823,         10747.3759,             0.0000,         13494.6275,         11146.6424,         10095.2770,         12810.7151,             0.0000,        333460.6335,         10877.8418,           927.1135,         13258.7914,         12174.4972,          3691.8491,         10758.5584,          8035.1804,        399644.8978,        398446.8594,        406400.4971,        404382.3592,        401850.4660,             0.0000,         13563.6053,         12592.0761,          4916.9654,         10812.4448,        118485.4949,          3993.8208,        820745.0786,          3236.9894,          8214.1909,          8480.0962,         13542.3104,         11268.5006,          5799.1224,          6911.5906,         10076.3045,             0.0000,         13051.6696,          9072.2963,          9467.2511,         11018.2127,             0.0000,        327167.9013,         11661.4039,          7037.2443,          9017.9430,          9119.3126,          9840.9609,          5044.7318,          8034.7798,        404156.2307,        402962.5350,        410903.1791,        408915.8394,        406273.8131,             0.0000,             0.0000,             0.0000,             0.0000,             0.0000,             0.0000,             0.0000,             0.0000,             0.0000,             0.0000,             0.0000,             0.0000,             0.0000,             0.0000,             0.0000,             0.0000,             0.0000,             0.0000,             0.0000,             0.0000,             0.0000,             0.0000,             0.0000,             0.0000,             0.0000,             0.0000,             0.0000,             0.0000,             0.0000,             0.0000,             0.0000,             0.0000,             0.0000,             0.0000,          3420.6618,         13203.4957,          6602.3517,        127290.0848,         12659.3829,        815136.2988,         12705.8095,         12093.9792,         10131.8845,          4571.5356,          6760.0627,         13358.1495,         10537.9857,          7779.6589,             0.0000,          5494.5811,          9061.2550,          8317.5304,          7492.2143,             0.0000,        339649.5018,          9079.6778,         11138.7813,         11375.1789,         11873.2847,          8487.9076,         13016.9213,         12356.3109,        392342.2911,        391239.3356,        399234.3858,        396991.1171,        394424.5170,         13386.8003,          5040.6175,        127295.9682,         11864.7536,        816396.8389,         11438.2732,         13274.9849,          7982.8405,          7647.9343,          4211.8104,         13838.7152,          8812.4711,          6678.5352,             0.0000,          8192.3182,          8307.2870,          6854.5167,          8167.4233,             0.0000,        339510.5003,         10823.9931,          9417.0253,         12725.2325,         13279.7490,          5906.3647,         13340.2040,         12632.8158,        392178.0946,        391029.1533,        399001.5658,        396877.3036,        394301.7686,         11203.4791,        116534.1780,          4309.9567,        821102.8259,          5678.1822,          3972.1236,         11808.0404,         11632.2695,         13400.3257,          3399.2102,          8430.6695,         10056.3372,             0.0000,         10713.3226,          8581.2456,          9906.0479,          9154.0288,             0.0000,        326452.3646,         10485.0827,         10570.2135,          4696.7004,          6075.7988,         12644.4605,          1430.6283,          8644.2693,        404420.1415,        403276.6295,        411236.4068,        409135.0585,        406461.6300,        122577.1688,          8688.8799,        821226.7158,          8571.7221,         11964.3751,          9527.0793,          8972.4219,          7531.2271,         12861.5170,          5040.7857,          1829.8787,             0.0000,          8330.9528,          3750.0671,          2105.0337,          4983.2651,             0.0000,        336343.1992,         12829.9758,         10476.3631,         11125.3597,         13106.8278,          7981.6389,         11689.1648,         13750.4529,        393599.6006,        392419.9152,        400363.4839,        398355.2875,        395680.3172,        116655.7127,        921527.1849,        117749.6016,        118098.0701,        126541.0634,        125208.1770,        128305.3470,        118638.5139,        119353.9686,        120778.0989,             0.0000,        123360.9309,        119008.4217,        120690.3117,        119887.1992,             0.0000,        244475.7327,        126151.9935,        125407.3848,        117917.3726,        120555.9119,        127232.4820,        117508.5972,        124230.1904,        474282.8419,        472825.5215,        480183.6812,        479656.7499,        475334.1643,        823327.7278,          1973.7802,          7662.0079,         10304.1435,         12471.8613,         11835.1883,          7082.2568,          4643.6430,          7423.1314,             0.0000,         11467.8304,          5920.8397,          6935.7263,          8138.4033,             0.0000,        327838.2537,         12672.9466,          9512.8056,          7712.9837,          9652.0141,         10826.2866,          5359.3052,         10688.0653,        402147.3940,        400954.6175,        408886.4983,        406922.2926,        404216.4656,        822890.7024,        818644.2211,        815619.3464,        814917.9963,        815008.7939,        817964.8674,        823307.2680,        822467.1280,             0.0000,        816784.4140,        823380.0425,        822655.8031,        821704.5067,             0.0000,       1009151.6619,        811326.4958,        815676.0456,        819361.4891,        815663.0124,        815895.1046,        819732.6282,        812966.2721,        890315.0124,        892858.8661,        898554.9739,        887196.4502,        893423.5643,          9023.3902,          8898.3555,         13125.3513,         10838.1327,          7840.0927,          4027.1970,          7592.3552,             0.0000,         12343.3803,          6466.1027,          6885.3058,          9112.5459,             0.0000,        328375.8743,         12966.5089,          8134.2318,          9230.9143,         10586.4144,          9564.8263,          6432.1220,         10472.0068,        401892.7347,        400682.6504,        408608.9222,        406681.2835,        403993.4520,         13116.8709,          9312.5592,         13887.0771,          3736.6886,         10789.8131,         11037.2513,             0.0000,          8491.7049,          9847.1588,         11229.9709,          8874.8430,             0.0000,        328018.1128,          8099.4463,         12040.6297,          1744.0648,          3030.1274,         13679.0021,          3409.7733,          8260.1369,        403577.0048,        402486.1172,        410474.7811,        408229.0324,        405587.4501,         12517.7716,          4309.7872,         11427.6327,          8718.2411,         10308.3859,             0.0000,         13066.2314,         10934.2334,          9699.1234,         12484.7163,             0.0000,        334742.1240,         10872.5292,          2087.2830,         13556.3481,         12608.3948,          2411.9029,         11451.0141,          8716.5358,        398326.4455,        397130.9908,        405086.5170,        403060.5393,        400532.5755,         10271.9573,         11487.8120,         11919.5076,          9305.6303,             0.0000,          1984.2042,          9760.9602,         10017.9181,          6985.0709,             0.0000,        337285.5839,          7014.7975,         12828.6288,          8430.2136,          8990.6987,         11561.8481,         11304.3602,         11472.3766,        394873.5381,        393815.3936,        401828.6088,        399477.7828,        396898.5243,         13305.3634,          9145.4832,          8916.1876,             0.0000,         11043.9179,         10189.3602,          8617.1818,         10993.8888,             0.0000,        338336.0738,         10683.8952,          6109.0689,         13854.5760,         13436.5444,          2158.7202,         13141.9060,         10845.9668,        394392.2385,        393219.4409,        401186.3581,        399103.8963,        396575.3470,         10640.7590,         12089.3831,             0.0000,         11066.2333,         10974.1704,         11964.2054,         11060.0641,             0.0000,        326697.6686,          8338.6852,          9902.8253,          5327.6614,          3906.3588,         12602.1039,          1981.7227,          5865.5626,        405520.2200,        404402.0280,        412382.6488,        410192.8701,        407582.0409,          4154.9673,             0.0000,         11088.8074,          3659.1342,          3221.7092,          7039.0867,             0.0000,        331806.3241,         13631.0425,          8903.7884,         10418.0700,         12362.2356,          8330.2925,          9196.7862,         12513.6052,        397924.7398,        396709.2776,        404631.3225,        402723.1247,        400021.8878,             0.0000,          8321.4958,          1965.7577,          1057.4654,          3970.6819,             0.0000,        334776.1369,         13072.6673,         10953.1780,         10121.6556,         12552.7753,          9096.9149,         10714.1481,         13754.1019,        394770.3790,        393589.4467,        401528.2008,        399533.8084,        396831.5242,             0.0000,             0.0000,             0.0000,             0.0000,             0.0000,             0.0000,             0.0000,             0.0000,             0.0000,             0.0000,             0.0000,             0.0000,             0.0000,             0.0000,             0.0000,             0.0000,             0.0000,             0.0000,          8526.4345,          9121.4329,          5399.8115,             0.0000,        336169.6633,          8118.4138,         13290.5228,          7323.1611,          8805.0527,         12140.4350,         10589.1629,         12037.1097,        395272.1158,        394205.3285,        402208.8380,        399895.2312,        397276.1237,          2136.0586,          3634.0708,             0.0000,        332903.3658,         13095.7283,         11227.4897,          8919.7640,         11722.3274,         10108.9235,          9409.7907,         13425.3982,        396421.1685,        395241.0793,        403177.0540,        401188.1204,        398466.2473,          4867.6572,             0.0000,        334366.0884,         13298.8837,         10334.6893,         10447.8713,         12726.7238,          8575.3304,         10581.4890,         13551.0603,        395218.2934,        394025.5321,        401958.8740,        399993.5323,        397292.9515,             0.0000,        334154.8195,         11664.1805,         12771.6013,          7527.0060,         10584.3651,         11499.8250,          9731.6171,         13467.5730,        395530.1105,        394398.1082,        402359.0260,        400242.9797,        397537.3272,             0.0000,             0.0000,             0.0000,             0.0000,             0.0000,             0.0000,             0.0000,             0.0000,             0.0000,             0.0000,             0.0000,             0.0000,             0.0000,        334020.5342,        332858.7145,        328896.9603,        329006.9715,        336656.2990,        326694.8355,        330150.1813,        716774.8030,        715179.1077,        722561.0718,        722221.2426,        718171.1551,         10278.8529,          8607.7922,          5679.5708,         11214.2639,          9386.9100,          5764.4449,        400286.3275,        399233.4989,        407260.6256,        404861.7842,        402369.8651,         12710.4539,         11441.4993,          4378.6350,         10096.7660,          7153.4951,        400360.3038,        399170.0896,        407127.8074,        405088.8911,        402559.3012,          4265.0017,         13825.2068,          4581.2870,          9550.8233,        402251.6003,        401163.1692,        409150.0684,        406906.1530,        404245.0427,         13340.1405,          4924.6976,          6216.3968,        403822.3473,        402751.8843,        410758.5307,        408437.9247,        405856.5490,         12418.0329,         10238.8286,        396003.2027,        394810.4265,        402766.1819,        400737.7270,        398199.3234,          7370.1577,        404739.5887,        403607.3233,        411576.3275,        409435.9836,        406789.5888,        404144.7671,        403035.7335,        411035.6948,        408780.4735,        406279.9184,          5577.4871,         10983.8228,          8255.1592,          6926.4998,          8589.6893,         13480.3471,         11009.2064,         15598.0543,         13707.3048,          8589.6893,
   18000.000,      0.0000,             0.0000,             0.0000,             0.0000,             0.0000,             0.0000,             0.0000,             0.0000,             0.0000,             0.0000,             0.0000,             0.0000,             0.0000,             0.0000,             0.0000,             0.0000,             0.0000,             0.0000,             0.0000,             0.0000,             0.0000,             0.0000,             0.0000,             0.0000,             0.0000,             0.0000,             0.0000,             0.0000,             0.0000,             0.0000,             0.0000,             0.0000,             0.0000,             0.0000,             0.0000,             0.0000,             0.0000,             0.0000,             0.0000,             0.0000,             0.0000,             0.0000,             0.0000,             0.0000,          4096.5139,         10971.9632,         12639.8019,         13343.0319,          6835.8642,         12228.9729,         11677.7360,         11032.5232,             0.0000,          6657.2701,          4718.7814,         12354.5881,          5127.1315,        116736.0758,         12518.8643,        816003.3162,          9453.4253,         11362.4658,         10835.6939,          7540.2589,          7829.9432,         12945.2189,          7849.9527,          6987.5395,             0.0000,          7119.1269,          6813.2487,          6688.3805,          8368.6124,             0.0000,        336675.6224,         12515.9050,         12380.6102,         10527.9991,         12753.7118,          9280.8354,         11613.2591,         12259.4502,        404838.5694,        404099.0287,        413392.2860,        408581.5049,        407821.6416,          8267.6275,         10854.5523,         13797.0143,          7975.9284,         10332.7944,          9088.4594,          9323.8704,             0.0000,          9351.6778,           901.0421,         11241.5235,          8280.9230,        117629.5273,         13007.0959,        819263.2207,          8340.4473,         13164.8305,          8146.2813,          9695.6095,          4135.5249,         13800.5960,          8852.4302,          9615.6993,             0.0000,          9878.1708,          6139.1468,          9114.4199,         11210.6532,             0.0000,        332875.0212,         11754.7790,         10691.8778,         12695.4048,         13755.8403,          6082.8943,         13114.9903,          9946.0975,        402596.7063,        401909.9824,        411188.1449,        406276.7991,        405550.3137,          7155.9989,         10472.1654,         12394.3095,          7208.1197,          1235.7476,          8506.0296,             0.0000,         11852.4313,          8053.3533,          9223.7207,         13281.5186,        123038.7082,         11892.8529,        822375.7209,         10047.5069,         13078.0662,           352.5379,         11203.8548,          4730.3893,         11398.4479,         12508.5382,         13629.6504,             0.0000,         12193.2930,         10581.1501,         13404.9283,         13762.9843,             0.0000,        326286.9426,          6231.5889,          3691.8883,         13458.4706,         12030.7833,          2552.3989,         12407.8024,          2373.1269,        394376.4638,        393687.0073,        402967.5553,        398048.8156,        397336.5251,          8853.0545,          9835.1297,           908.7836,          6250.2843,          3373.2834,             0.0000,         13796.4797,         10295.9021,          2603.2145,         12388.9534,        128344.4028,          6971.8837,        817167.8865,          6020.7427,         10833.0464,          7460.8566,         13683.8037,          8719.1706,          9366.9006,          9290.2091,         11658.3520,             0.0000,         13772.4043,          8586.1614,         11348.7446,         12480.9534,             0.0000,        327033.4080,          8796.0511,          6886.8665,         11500.5071,          9138.4399,          8229.8138,         10138.3700,          5738.6383,        395313.8985,        394605.3062,        403904.5672,        398886.3295,        398316.6410,         12085.2593,          9495.2860,          9913.4072,         10719.0888,             0.0000,          9964.0047,         13810.9841,          8723.9711,         11710.6752,        127843.2470,          6016.5381,        813492.2838,         11744.7011,          5167.3021,         10552.6528,          9491.5580,         12996.2068,          1562.6760,         11522.7243,         10810.3258,             0.0000,          9563.1735,         12966.6060,         11230.0280,          8779.0012,             0.0000,        331556.9787,          5738.7672,          7481.8546,          6379.5716,          3022.3769,         11956.9825,          4138.8142,          9016.2831,        394489.1315,        393649.3878,        402980.1057,        398261.5622,        397554.4778,          9327.7040,         12464.6361,          7323.5539,             0.0000,         10229.1789,          7731.5169,          8273.0984,          4372.5690,        122590.2105,          8259.0541,        811870.8171,          4853.1242,          9328.0705,         12456.2828,         11229.1674,         10125.8362,         11339.7862,          1206.7813,          3905.9589,             0.0000,         10160.3528,          3302.3776,          3016.3902,          7302.8215,             0.0000,        336160.8969,         13559.0051,         13080.0829,          8715.4836,         10344.3923,         11473.9443,          9630.0644,         12623.2577,        404780.2434,        404034.7682,        413342.5968,        408414.2846,        407797.1081,          6401.7746,          2562.8290,             0.0000,         13822.9734,          9727.7447,          2561.6834,         12086.4572,        127893.8661,          7266.6169,        817231.6172,          5285.7793,         11135.3990,          7507.2631,         13780.9886,          8284.4689,          9925.6940,          8826.9220,         11412.4230,             0.0000,         13825.9763,          7878.3788,         11036.9036,         12493.0888,             0.0000,        327258.1986,          9350.2422,          7364.7530,         11709.6555,          9622.0480,          8013.9262,         10503.7562,          6056.0485,        396014.3867,        395314.7734,        404611.4122,        399576.1584,        399011.8494,          7993.3525,             0.0000,         12356.4070,          8809.9367,          8462.1069,         13571.3701,        124269.1672,         11267.1301,        821949.4433,          9814.1430,         12804.4336,          1558.3497,         11716.8394,          5596.4160,         10905.4300,         12460.9289,         13729.9106,             0.0000,         12627.8625,         10720.9228,         13515.5790,         13832.4377,             0.0000,        325779.5796,          5941.6880,          3089.0027,         13296.4741,         11520.1786,          3611.2742,         12072.4664,          1231.8089,        393717.3729,        393024.5052,        402308.1345,        397376.2210,        396684.1847,             0.0000,         13586.2175,          8643.0132,          2853.2271,         10672.2916,        126872.8220,          7332.1967,        816109.8704,          2819.1380,         11182.2996,          8754.7459,         13816.6391,          8134.7466,         10814.6816,          6859.5326,         10010.5113,             0.0000,         13597.7328,          5680.8926,          9479.0068,         11794.0816,             0.0000,        328974.1478,         11014.2317,          9232.9338,         11498.0435,         10211.5646,          8580.2432,         10763.0396,          7928.8290,        398505.5511,        397812.3370,        407107.8449,        402051.4175,        401500.9060,             0.0000,             0.0000,             0.0000,             0.0000,             0.0000,             0.0000,             0.0000,             0.0000,             0.0000,             0.0000,             0.0000,             0.0000,             0.0000,             0.0000,             0.0000,             0.0000,             0.0000,             0.0000,             0.0000,             0.0000,             0.0000,             0.0000,             0.0000,             0.0000,             0.0000,             0.0000,             0.0000,             0.0000,             0.0000,             0.0000,             0.0000,             0.0000,             0.0000,             0.0000,          9979.6386,         13557.5579,          6811.7095,        118225.3130,         11675.6271,        814287.1910,         12833.8011,          8056.0385,         11680.2159,          1534.7858,         11263.5522,          9478.8946,         10656.7560,          7862.9249,             0.0000,           804.7121,         11430.3009,          8351.3115,          5868.3970,             0.0000,        337742.6990,          9877.0865,         11374.4082,          7271.4196,          9822.3436,         11370.5118,          8329.0688,         12460.3370,        401880.6410,        401052.4926,        410367.0640,        405750.6434,        404908.3772,         10695.2933,          8516.3658,        118272.2987,         12755.7677,        819300.9458,          7684.0263,         13274.1427,          7965.1614,         10321.5091,          3768.3952,         13835.1689,          8565.1104,          9706.1757,             0.0000,         10467.1908,          5585.9758,          9148.2129,         11475.5718,             0.0000,        332338.2648,         11835.3516,         10582.2633,         12858.5485,         13738.0318,          5871.1622,         13193.5775,          9672.0583,        402393.3742,        401714.6274,        410991.8695,        406052.2098,        405345.6058,         11139.2074,        128777.6478,          5102.2591,        814675.7844,          4783.2424,          9604.9130,          9489.1019,         13694.4944,         10009.5076,          8816.3935,          7500.0703,         10069.5716,             0.0000,         13424.4157,          7664.9868,          9754.7039,         11176.9089,             0.0000,        329024.8672,         10110.2801,          8779.2838,         10204.3859,          8138.1405,          9948.9641,          9055.1713,          7983.2451,        397082.4183,        396354.6184,        405661.8720,        400650.6720,        400102.5596,        120029.9016,          9609.4585,        811184.8423,          8717.2305,          8073.5271,         13241.8268,          8131.9798,         11208.8409,         10777.8167,          4991.3370,          2121.3436,             0.0000,          6687.7693,          6791.3217,          2148.0620,          4428.3136,             0.0000,        338876.6951,         13188.2776,         13561.9804,          6974.0235,         10052.0529,         12328.1583,          8662.1054,         13731.9110,        405638.2514,        404846.8769,        414162.0078,        409377.0782,        408667.7178,        129006.5760,        862299.4170,        125302.8936,        126009.7290,        122723.2986,        118447.8761,        119975.4935,        127638.3191,        123768.8565,        122078.3664,             0.0000,        118798.6282,        122212.0779,        122002.8422,        122371.5782,             0.0000,        401676.4506,        124906.4981,        125207.5737,        124899.4833,        128013.9004,        120995.6748,        126466.1720,        125281.5094,        477478.2645,        476972.7824,        485836.7043,        482259.0674,        479893.9493,        810788.8731,          7709.4507,          5262.5169,         12066.2025,         11952.9831,         12857.4988,          5297.6818,          7274.9427,          7977.4157,             0.0000,         11258.4446,          9548.1675,          8118.3997,          7870.8515,             0.0000,        332773.8479,         10092.4400,         10285.1719,          6068.2192,          3940.7094,         12708.7957,          4830.2098,         10594.9452,        398121.5934,        397315.9229,        406644.9144,        401779.0366,        401186.2417,        814660.3254,        809784.3916,        822476.9467,        815314.6423,        821772.1989,        812121.1009,        811321.0639,        809921.3012,             0.0000,        813593.2342,        814833.9489,        810319.3590,        809632.5393,             0.0000,       1078427.8522,        819069.3690,        820573.0123,        809458.1438,        810978.1576,        822530.6941,        810498.2959,        821323.8559,       1063922.5944,       1060150.6588,       1068226.4239,       1067316.2213,       1068761.6998,         10949.8193,         10225.7677,         13361.5073,          8451.0150,         11505.1147,          4512.5748,          8126.9544,             0.0000,         12844.6203,          3229.0960,          7435.9366,         10622.1592,             0.0000,        331457.7381,         12453.6622,         11036.5206,         10937.7552,         10676.0484,          9513.9027,         10789.2174,          9926.2978,        401294.7744,        400595.6537,        409892.6475,        404849.6410,        404292.3327,         13117.8870,          8378.3594,         13899.1061,          3684.0048,          8779.3195,          6820.9993,             0.0000,          7410.8312,         11405.7673,          7498.2979,          4283.2805,             0.0000,        336270.4319,          9634.9730,         11139.5516,          1396.8031,          2834.4629,         13682.7711,          1049.2068,         12244.8302,        399425.1029,        398563.3955,        407901.1116,        403208.9367,        402505.3261,         11013.1814,          4648.2286,         11471.7716,         12597.5958,         13638.2863,             0.0000,         12037.8193,         10661.5866,         13421.7355,         13736.1593,             0.0000,        326437.9550,          6208.6913,          3782.3831,         13475.2068,         12126.4114,          2411.8619,         12459.6258,          2645.9121,        394472.4379,        393781.9439,        403062.1091,        398151.7318,        397431.5520,         11109.1324,          9214.7909,         11602.7501,          9070.2571,             0.0000,          1900.1402,         12169.4136,          9539.1656,          6917.9723,             0.0000,        336714.9380,          8837.1193,         10526.6053,          7814.5829,          9811.1318,         10920.9397,          8485.5549,         11789.4460,        400506.5447,        399678.2065,        408991.3044,        404389.0019,        403531.4254,         13440.8919,         10630.0148,         12037.0115,             0.0000,         11746.0532,          7721.3235,         11584.0004,         13178.0056,             0.0000,        328864.4107,          9842.6269,          7942.4596,         13839.7642,         13653.8612,          2333.8700,         13536.5811,          6667.2588,        398764.5971,        398101.4312,        407373.3439,        402411.6132,        401707.0074,         10740.7723,          9733.3324,             0.0000,          8986.1411,         12592.5542,         10224.9665,          7552.7951,             0.0000,        332972.5801,          6996.4140,          8689.3949,          4965.7712,          1667.2680,         12642.0120,          2661.2490,         10090.7238,        395811.0790,        394960.4965,        404294.9269,        399587.0745,        398884.5661,          4006.5660,             0.0000,         10516.1440,          3848.3204,          3239.2218,          7220.4757,             0.0000,        335828.0444,         13395.2827,         12937.8988,          8280.4276,          9636.6918,         11814.5377,          9051.4112,         12510.1975,        404186.6744,        403434.7800,        412746.0206,        407812.0342,        407211.5099,             0.0000,          7564.7458,          6900.1852,           934.3543,          3726.3366,             0.0000,        338585.3623,         13122.5471,         13528.3052,          5796.3814,          8750.6739,         12991.7615,          7457.4981,         13724.0547,        405002.5366,        404200.1998,        413521.7223,        408722.2353,        408046.6877,             0.0000,             0.0000,             0.0000,             0.0000,             0.0000,             0.0000,             0.0000,             0.0000,             0.0000,             0.0000,             0.0000,             0.0000,             0.0000,             0.0000,             0.0000,             0.0000,             0.0000,             0.0000,         11554.5007,          8124.7072,          5265.6271,             0.0000,        338005.7952,          9916.0117,         11519.8247,          6597.1929,          9289.4738,         11822.9718,          7731.5652,         12661.1141,        401847.8766,        401010.4768,        410328.6286,        405719.4614,        404883.2983,          6063.1961,          9859.0496,             0.0000,        333559.9968,         13224.6672,         12062.9436,         11018.8080,         11847.3385,          9354.9971,         11456.0093,         11100.9390,        403640.0356,        402941.1136,        412234.3596,        407231.6498,        406627.3990,          4607.5441,             0.0000,        338204.4738,         13320.4986,         13519.5141,          6560.4326,          9231.6410,         12662.4476,          8060.9492,         13561.5737,        405186.7144,        404397.9969,        413716.1816,        408887.1602,        408223.9762,             0.0000,        338931.2081,         11620.5317,         12835.5027,          2942.0786,          6874.3257,         13574.7748,          5115.1168,         13639.6975,        403188.9499,        402341.9367,        411672.6999,        406984.9318,        406252.4283,             0.0000,             0.0000,             0.0000,             0.0000,             0.0000,             0.0000,             0.0000,             0.0000,             0.0000,             0.0000,             0.0000,             0.0000,             0.0000,        328480.3040,        326597.9924,        337363.7453,        333661.2569,        327531.0633,        335259.2028,        325662.3764,        235255.3083,        239907.0938,        243864.0521,        230510.5579,        234301.7237,          3018.7337,         10349.9749,          8294.6994,          8082.4372,          8788.5693,          5243.0282,        392721.1159,        391937.3514,        401244.9349,        396502.1557,        395735.8426,         11815.1561,          9627.9951,          5987.1951,         10296.2495,          2262.7289,        392610.9599,        391872.8160,        401169.3803,        396324.4231,        395603.5327,          4186.9957,         13814.8573,          2367.5758,         12849.6566,        400719.1123,        399857.4055,        409194.2128,        404511.4168,        403796.8372,         13098.3047,          1886.4624,         10749.9923,        396927.0557,        396078.7215,        405414.7542,        400678.6038,        400004.6672,         13174.6955,          4768.2429,        396567.2169,        395893.6781,        405167.8485,        400234.0186,        399514.1084,         11449.5655,        398444.7017,        397588.8872,        406925.1094,        402221.7983,        401521.8093,        393071.5668,        392366.1392,        401654.7969,        396733.5173,        396048.8015,          6229.8154,          9690.8549,         10637.2069,          4997.5706,          9500.0427,         15717.9411,         10616.3292,         14918.8451,          9878.3731,          9500.0427,
   21600.000,      0.0000,             0.0000,             0.0000,             0.0000,             0.0000,             0.0000,             0.0000,             0.0000,             0.0000,             0.0000,             0.0000,             0.0000,             0.0000,             0.0000,             0.0000,             0.0000,             0.0000,             0.0000,             0.0000,             0.0000,             0.0000,             0.0000,             0.0000,             0.0000,             0.0000,             0.0000,             0.0000,             0.0000,             0.0000,             0.0000,             0.0000,             0.0000,             0.0000,             0.0000,             0.0000,             0.0000,             0.0000,             0.0000,             0.0000,             0.0000,             0.0000,             0.0000,             0.0000,             0.0000,          4878.6141,         13001.2528,         13502.2168,         10277.0254,          6715.3007,         13512.0268,         12080.9890,         11601.4820,             0.0000,          5867.9039,          9788.6967,         12331.5648,          3901.4345,        129009.8622,         10035.8151,        820375.1484,          9823.7755,          8395.7536,         11200.3363,          4877.1162,         11328.5524,          9685.0755,          7677.9039,          5344.0990,             0.0000,          2612.2585,          7890.8516,          5437.6675,          3733.0031,             0.0000,        334497.2298,         12902.4346,         11041.0433,          7072.2862,         12187.1968,         10719.2167,          6702.6407,         13286.1531,        397825.8132,        396403.2413,        405395.9713,        399006.4147,        401186.8227,         10515.2289,         13724.6799,         12769.7532,          9849.4448,         13697.1061,         10569.3079,         11816.1470,             0.0000,          7058.8688,          5755.9273,         11607.5442,          8320.8530,        128658.6150,         12737.0194,        816448.5024,         10604.4930,         11541.7198,          9451.8810,          3477.2968,          7888.0487,         12529.3929,         10720.3210,          9482.4739,             0.0000,          3342.2588,          6139.5148,          9484.3669,          8032.4416,             0.0000,        329736.7611,         10880.8067,         11632.5221,         10533.5651,         13668.5432,          7995.7704,         10148.8439,         11088.4464,        400344.9116,        398847.7263,        407909.1375,        401607.5742,        403710.2139,          7636.8189,         12261.2331,         12872.5336,          7386.9935,          6867.1646,          8386.3167,             0.0000,         12290.1363,          5834.6936,          6381.6382,         13775.5411,        119799.8436,         12408.2477,        807805.7530,         10025.9401,         12864.1426,          7444.8289,         11314.2832,          4403.9300,         12601.7386,         12763.7068,         13771.7916,             0.0000,         12230.1039,          8990.7859,         13659.1087,         13778.1804,             0.0000,        328098.4116,          3589.9406,          9964.2492,         13211.2468,         10167.4855,          6669.1495,         12940.4333,           918.1856,        403785.3454,        402284.2912,        411427.2959,        405310.0712,        407177.3207,          6732.2536,         10999.6345,          1423.8894,          7715.0188,          7758.0598,             0.0000,         11953.3792,         11795.8201,          7486.7855,         12131.5773,        116356.3570,          7023.5693,        811404.3414,          9764.0680,          9220.2229,          8978.9188,         13281.5058,         10235.0361,          7434.2235,         10182.7474,         11356.6304,             0.0000,         13627.4162,         12477.2991,         11334.9717,         12155.3110,             0.0000,        335445.0036,          6617.9946,          6603.0059,         10443.1898,          4195.8146,         10169.1003,         10283.6256,          6910.5296,        402478.0379,        401109.0346,        410154.1493,        403936.4137,        405870.3767,          7850.1268,          7251.6255,          9982.2078,          9883.1790,             0.0000,          8847.4661,         13797.1160,         10949.5869,          7582.0647,        119897.4172,          1535.1083,        818115.4701,         10136.9727,          5314.5522,         10457.7161,         11492.4250,         13039.4111,          1758.8122,          6998.1167,          6516.2996,             0.0000,         11103.4062,         13043.1847,          6731.7023,          7394.2477,             0.0000,        339919.9312,         10855.5934,          5826.0338,          6470.3881,          4891.4053,         11874.9294,          6304.8688,         11868.6828,        400064.9167,        398765.8173,        407713.3211,        401336.1951,        403441.9381,         10517.9539,         13673.5935,          7317.2200,             0.0000,         10241.6590,         12142.0289,          9160.3609,          4185.8922,        126705.7785,          6672.4572,        819517.5541,          5251.5152,          3004.1488,         13583.4206,         10550.5755,         13487.4225,          6349.4400,          1294.1739,          3489.4438,             0.0000,          8877.6178,          8135.1754,          2905.7492,          5902.8233,             0.0000,        337672.3155,         13426.2578,         11593.2461,          1666.6885,          7945.2286,         13616.7479,          1739.5392,         12733.2841,        394097.7997,        392715.2610,        401716.4885,        395384.7797,        397471.9558,          8618.5674,          6540.5353,             0.0000,         12571.5697,         11615.3904,          6292.7762,         12117.3440,        116946.5704,          7247.1127,        811114.2486,          8740.5914,          8893.8943,          9805.1130,         13603.1169,         10394.7215,          7636.7958,          9690.4337,         11310.5118,             0.0000,         13794.9222,         11816.5100,         11214.1056,         12351.3127,             0.0000,        335163.9910,          7066.6991,          7769.9522,         10114.7011,          3749.6886,         10723.9644,          9991.8240,          6607.7479,        401362.8848,        399981.4798,        409041.1598,        402846.4278,        404757.0097,         12322.8514,             0.0000,          8327.3686,          8616.3420,         11317.7234,         12698.5402,        118251.7011,         10927.0585,        811276.1137,         13401.9277,         12915.5155,          1635.1874,          9111.1213,          5634.7421,         11104.8274,         13496.7764,         12792.7707,             0.0000,         10713.5366,         12491.0746,         12984.6565,         11805.2314,             0.0000,        331170.7056,          3516.0457,          4907.9977,         13313.2287,         10658.7319,          3579.3921,         12937.5318,          6992.3750,        407478.6005,        406058.4345,        415107.0481,        408841.9663,        410859.1944,             0.0000,         13593.3076,         10323.0589,          2392.9290,         10543.0504,        122606.2286,          8962.4187,        812432.0813,          2856.7762,          7446.9450,         12846.7571,         13233.0499,         11205.3805,          9062.7219,          6899.2592,          9925.6693,             0.0000,         12596.5433,          7419.3031,          9517.0254,         11626.3560,             0.0000,        333758.1782,         10272.4033,         12009.9536,          7956.7895,          6200.2548,         12648.8946,          7959.2935,          7953.1136,        396018.3396,        394573.9491,        403676.0170,        397521.2687,        399410.9020,             0.0000,             0.0000,             0.0000,             0.0000,             0.0000,             0.0000,             0.0000,             0.0000,             0.0000,             0.0000,             0.0000,             0.0000,             0.0000,             0.0000,             0.0000,             0.0000,             0.0000,             0.0000,             0.0000,             0.0000,             0.0000,             0.0000,             0.0000,             0.0000,             0.0000,             0.0000,             0.0000,             0.0000,             0.0000,             0.0000,             0.0000,             0.0000,             0.0000,             0.0000,         10286.8330,         13810.7774,          6981.8721,        124810.9147,          9516.1460,        819109.8139,         12930.7790,         10262.1931,          7281.8610,          3966.4460,          9926.0922,          9312.0981,         10579.3292,          7777.1386,             0.0000,          4603.8669,         11462.9085,          8195.6356,          5326.6459,             0.0000,        334794.3392,         10596.6489,          6957.2843,          9767.0716,         12022.6477,          7735.4236,          9328.7632,         12551.0369,        403195.1719,        401813.5557,        410775.8073,        404351.3210,        406556.2296,          8975.4923,         12092.9566,        125149.2628,         13845.5621,        810775.4362,         10384.8870,         13269.2786,          7988.2886,          7587.1638,          3547.3816,         13834.1760,         12615.8319,         12721.3481,             0.0000,          8504.0157,          6023.3449,         12624.5129,         11996.8202,             0.0000,        326488.5945,          7308.9955,         11604.3360,         12860.7876,         13068.1175,          5925.5045,         12517.9030,          6636.1983,        402560.7209,        401018.9910,        410154.8437,        403982.9542,        405939.9317,         11877.9426,        121799.5714,         10301.1105,        810376.5178,          4694.4109,          9337.3683,         11900.0808,         13124.4951,          9647.9567,         10449.5396,          8863.6789,         11444.8707,             0.0000,         12866.2846,          7243.4792,         11095.1673,         12721.5914,             0.0000,        331683.0528,          8773.6116,         11924.2223,          9800.8783,          7276.4357,         11496.4027,          9723.5963,          5949.7102,        397738.9769,        396266.0619,        405396.3948,        399280.3109,        401133.8338,        127364.2650,          7043.7523,        821476.4864,          8803.0504,          5133.1882,         12232.9019,          7897.1029,         13135.8619,          6610.7310,          4826.7754,          1532.2364,             0.0000,          6081.2502,          9467.7291,          1761.8249,          1885.0753,             0.0000,        337880.6872,         13482.0980,         10280.1154,          3817.2745,          9862.1684,         12403.8275,          3487.0796,         13802.1198,        396393.7946,        395028.9257,        403987.8868,        397574.9444,        399758.0475,        120708.5946,        757521.8864,        125250.6040,        124089.5971,        119625.3163,        127129.2981,        121967.9275,        121167.2225,        125590.3471,        126387.6437,             0.0000,        128434.5041,        128132.9536,        126539.0050,        126820.9644,             0.0000,        372905.9070,        118084.4354,        118146.0798,        125693.8004,        118826.9850,        121315.3781,        125639.9166,        119197.2324,        482390.7693,        481724.7651,        490540.6257,        484976.9272,        485868.2725,        818351.1995,          9036.7429,          3935.7775,         11379.1767,         11823.9660,         13430.6743,           489.3903,          5701.2303,          5794.9526,             0.0000,         11173.6320,         12439.4966,          5902.2158,          7238.4440,             0.0000,        340096.5412,         11433.0553,          7126.3917,          5271.1867,          4265.6296,         12575.6469,          5176.2449,         11996.1574,        398591.4227,        397286.6695,        406241.2378,        399875.7470,        401969.4192,        814708.5392,        819279.1762,        812076.8269,        817663.1839,        809553.9269,        818738.2407,        819188.6320,        821301.2028,             0.0000,        819146.5331,        813925.7462,        821094.8500,        821581.8782,             0.0000,        631543.5493,        808934.2426,        815084.5867,        820042.2075,        814535.5713,        811449.9671,        819919.1432,        807758.8832,       1050851.7655,       1046660.2533,       1057530.5971,       1060138.3325,       1053948.9192,          6398.1463,         13616.5030,         12304.0364,         11946.7226,          8982.8035,          5207.4435,          8332.9045,             0.0000,         11221.0349,          6039.1841,          7834.2548,         10171.0717,             0.0000,        334265.4316,         11815.4658,         12776.5778,          6347.4783,          7520.8912,         13233.6586,          6383.1037,          9796.4027,        394316.7129,        392869.9323,        401956.1253,        395761.4813,        397703.3355,         13095.7938,         11538.6858,         13873.9380,          3637.8830,          1877.7343,          3753.4169,             0.0000,         10236.0806,         10226.0948,          3457.6825,          6326.9855,             0.0000,        339376.1741,         12871.5066,         10038.8382,          1708.8390,          5723.8283,         13641.7308,          1862.2342,         12558.4635,        395319.9888,        393979.7914,        402957.0064,        396610.3688,        398696.7262,          7790.3310,          5201.2333,         11491.2529,         13551.6251,         12516.5098,             0.0000,          9581.7827,         12087.8332,         12733.5182,         11219.3611,             0.0000,        330701.7056,          4516.3009,          5433.9119,         13291.4450,         11528.4004,          2417.9885,         12888.3901,          7736.2575,        407440.0985,        406010.2793,        415055.0031,        408771.5415,        410816.9233,          8265.1719,         11615.6048,         11225.9835,          9054.9590,             0.0000,          2356.1861,          9058.3024,          9272.0695,          6846.4781,             0.0000,        331452.4256,         10531.9823,          9589.2483,         10705.9461,         13491.9439,          6960.1344,         10269.4373,         11811.2572,        402461.1139,        401010.4455,        410025.7916,        403659.7844,        405822.6196,         13513.2856,         13689.7878,         13575.4427,             0.0000,          9777.3763,          8969.3273,         13584.6602,         12695.6232,             0.0000,        326950.4540,          4412.3771,          9599.9998,         13817.4224,         12518.8977,          3232.8902,         13449.7971,          5206.5245,        405457.7535,        403944.8530,        413066.6150,        406886.3739,        408839.5399,          5410.9957,          5343.7585,             0.0000,         10890.5335,         12310.7017,          5462.7927,          6828.2912,             0.0000,        340164.3576,         11660.5375,          7306.2903,          4902.5438,          4637.4898,         12641.9868,          4803.0057,         12216.3978,        398346.4532,        397041.3344,        405992.8821,        399620.0146,        401723.3370,          3778.4799,             0.0000,          9711.9095,          8880.2234,          3262.9359,          6388.2635,             0.0000,        338328.2038,         13207.3547,         11161.8687,          1262.5179,          6863.9226,         13770.1867,          1509.5870,         12536.2247,        394311.4031,        392943.6738,        401940.3656,        395612.4290,        397687.7775,             0.0000,          7412.6618,          9975.0016,           597.4491,          2849.0080,             0.0000,        338815.4716,         13456.5338,         10002.8469,          2602.0103,          8732.8127,         12883.9392,          2305.5643,         13696.2724,        396054.4184,        394706.3176,        403660.7438,        397253.3250,        399421.4024,             0.0000,             0.0000,             0.0000,             0.0000,             0.0000,             0.0000,             0.0000,             0.0000,             0.0000,             0.0000,             0.0000,             0.0000,             0.0000,             0.0000,             0.0000,             0.0000,             0.0000,             0.0000,          8288.8779,          7585.9773,          5295.6196,             0.0000,        332726.3473,         11835.0600,         10450.0245,          9150.2226,         13108.4711,          8875.7916,          8737.7227,         12646.9766,        400185.6609,        398744.2010,        407748.9010,        401368.4057,        403545.9014,          9632.6306,         10293.7229,             0.0000,        329554.1999,         11095.0130,         13496.1642,          9441.9061,         11786.0477,         10722.8624,          9235.0349,          9335.9575,        396607.0560,        395082.7515,        404203.9495,        398017.0207,        399985.7813,          3314.3371,             0.0000,        338660.9143,         13495.0960,         10311.8278,          2126.9877,          8605.6133,         13034.4378,          1843.6371,         13575.7184,        395635.3361,        394281.6083,        403243.1727,        396846.9297,        399003.3217,             0.0000,        337730.9633,         13047.7141,          9278.5739,          5331.2967,         10376.6938,         11535.7208,          4958.4581,         13850.3899,        398055.3017,        396697.8843,        405644.0989,        399208.4131,        401417.0952,             0.0000,             0.0000,             0.0000,             0.0000,             0.0000,             0.0000,             0.0000,             0.0000,             0.0000,             0.0000,             0.0000,             0.0000,             0.0000,        329661.5092,        336019.3502,        338843.1135,        338084.9958,        328766.8317,        338570.3857,        328723.5843,        604095.4473,        599122.1206,        610048.0705,        608428.9492,        607111.9290,          7172.6190,         13356.0425,          9895.5924,          4737.9812,         13033.5229,          3623.1202,        406113.3628,        404656.9429,        413755.0295,        407572.5830,        409501.4916,         10692.7954,          8238.3286,          7508.1144,         10354.0194,          9783.5616,        405358.6678,        404016.9673,        412994.9155,        406642.8287,        408735.2130,          7228.4314,         13614.2825,           449.1706,         13014.7420,        394786.1651,        393431.3553,        402409.6333,        396051.2593,        398159.5649,         12506.9504,          7207.1019,          9530.8737,        398644.8141,        397302.2573,        406317.9323,        400059.0300,        402033.9164,         13204.5792,          7219.0695,        406864.3344,        405394.2062,        414467.9828,        408214.5986,        410240.7530,         12762.5466,        395168.7066,        393811.0411,        402790.2836,        396431.1355,        398541.7070,        403573.9528,        402083.5152,        411222.8624,        405107.5431,        406967.3835,          7357.2382,          8348.9564,         12238.3582,          3552.1185,         11360.9407,         17147.6929,          8937.4228,         12167.3450,          4949.5726,         11360.9407,
   25200.000,      0.0000,             0.0000,             0.0000,             0.0000,             0.0000,             0.0000,             0.0000,             0.0000,             0.0000,             0.0000,             0.0000,             0.0000,             0.0000,             0.0000,             0.0000,             0.0000,             0.0000,             0.0000,             0.0000,             0.0000,             0.0000,             0.0000,             0.0000,             0.0000,             0.0000,             0.0000,             0.0000,             0.0000,             0.0000,             0.0000,             0.0000,             0.0000,             0.0000,             0.0000,             0.0000,             0.0000,             0.0000,             0.0000,             0.0000,             0.0000,             0.0000,             0.0000,             0.0000,             0.0000,          2760.9633,         13613.5083,         10230.6592,         10300.1953,          5192.8010,         10771.6868,          8212.7627,         11188.0736,             0.0000,          6116.0335,          9020.0279,         12300.8977,          1283.6318,        121151.2845,          6660.1640,        809805.0822,          9651.5577,         11018.6468,          7432.3509,          8144.3689,          9292.9924,         10547.5508,          5765.8883,          2473.6374,             0.0000,          7580.3928,          7552.0383,          2683.4977,          3285.5941,             0.0000,        333904.2370,         13515.8704,          9003.6909,         10298.2000,         13310.8992,          7187.7124,         10174.3296,         13823.9749,        401394.3858,        398524.8333,        402481.4342,        399629.9950,        404635.9057,         13447.2500,         11733.1185,         11868.5374,          7108.0760,         12200.5736,          8929.3243,         12159.4374,             0.0000,          4872.4228,          7097.5596,         12207.1551,          3632.5767,        120890.7112,          8762.0097,        808838.6142,         10631.8556,         11626.4162,          8107.6432,          5738.2140,          8217.4216,         11859.0331,          7750.4357,          4614.4595,             0.0000,          5285.2123,          6130.9075,          4871.2868,          2750.7043,             0.0000,        331937.4519,         12996.7939,         10781.6501,         10713.6261,         13719.5445,          7037.8638,          9975.3851,         13673.1909,        400153.7041,        397332.9258,        401232.8391,        398347.6114,        403413.6007,          8195.2638,          9496.8548,         13153.7635,          7715.6232,          9521.3114,          9279.5899,             0.0000,         11500.5391,          9947.9143,          8443.3576,         13727.6589,        127069.2641,         12282.5714,        821039.0156,         11141.5572,          9909.8872,         10123.7878,         11412.8419,          9008.5459,          9683.1535,         12889.4399,         13719.4134,             0.0000,         12178.0336,         12633.6107,         13644.1450,         13783.3025,             0.0000,        333222.3200,          1980.6989,          9336.9243,         10856.2235,          5125.3343,         10423.2627,         10584.5525,          1732.7732,        403504.9785,        400670.6869,        404333.2117,        401327.7333,        406562.9017,          5022.1210,          8965.5082,          1101.8975,          6207.8464,          7907.7160,             0.0000,         10849.4499,         12300.6709,         10912.7342,         10074.8533,        126857.2611,          7080.1907,        819861.1184,          9267.4456,          9604.5060,          6833.0817,         13444.1118,         10396.1488,          6761.2964,          8401.6258,          9868.9113,             0.0000,         13672.5272,         13398.8130,          9670.8686,         11923.8070,             0.0000,        338646.7993,          9578.3409,          1867.1768,         10615.4083,          7690.1132,          8789.5930,         11633.3079,          8653.2115,        404380.0748,        401416.0057,        405306.6798,        402431.0537,        407449.2618,          6679.1554,          4370.0086,         10087.0553,          3531.2644,             0.0000,         12812.9220,         13787.1018,          7856.2023,          9591.2281,        122231.6146,          4657.8015,        817901.4474,          4933.9840,          5478.6213,         10381.8013,         13687.0004,         13046.7358,          1979.6880,          5953.1675,          8849.9132,             0.0000,         13089.1863,         11629.9670,          8602.4969,         10892.4556,             0.0000,        335413.7912,         10294.8299,          4087.1266,          6672.9273,          6121.2005,         11805.8494,          8402.0284,          8995.1025,        408602.6031,        405677.9252,        409560.2294,        406674.1317,        411716.4773,          9091.7032,         10344.4075,          7303.8164,             0.0000,         10295.2966,         12190.2930,          9679.3533,          4004.3861,        118847.1001,          2432.2618,        811446.2709,          5347.8110,          7274.5956,          9981.3852,         10947.7260,         12414.0152,          6519.3884,           832.8055,          2858.7750,             0.0000,          9719.0025,          7922.8308,          2611.8938,          5398.7668,             0.0000,        333398.4163,         13228.1758,          7293.9469,          6713.0351,         10924.5976,         10612.0998,          7657.5442,         12831.5674,        406457.0892,        403571.2186,        407527.5564,        404675.8519,        409678.0037,          7098.0084,          7136.8755,             0.0000,         11470.6449,         12624.9060,         10205.4815,         10536.2508,        126440.0129,          7145.7783,        820233.1711,          8757.9173,          8927.6804,          7725.9430,         13646.1489,         10887.5138,          6062.0637,          8491.2208,         10242.6504,             0.0000,         13791.3919,         13357.6903,         10037.2837,         12209.7144,             0.0000,        338087.6634,          9120.2179,          2302.4254,         10068.8546,          6760.1056,          9552.9484,         11164.1405,          8009.8246,        405257.8289,        402301.9272,        406174.0580,        403287.7618,        408323.1614,         12143.6215,             0.0000,          6003.9268,          8392.9306,         13558.9708,          8863.6662,        128670.9068,          9699.0958,        817147.9241,         12565.0164,         13032.5279,          1005.8018,         10510.4090,          5658.3786,         11322.7461,         10243.1234,          9422.2804,             0.0000,         11550.8484,         12692.0960,          9385.0749,         10529.6908,             0.0000,        338592.9358,         10346.6179,          6608.5691,         13365.0393,         11527.7590,          3106.3601,         13439.2205,         10649.7702,        398536.9114,        395601.9367,        399493.0588,        396616.2230,        401643.5052,             0.0000,         13592.2677,         13684.5018,          4732.2961,         10407.0456,        119817.7245,          6234.4357,        816818.9968,          2846.4786,          2186.9903,         12350.7362,         12963.0446,         13727.2070,          1687.9431,          6799.8091,          9589.9482,             0.0000,         12032.2171,         10091.4877,          9395.4530,         10717.9480,             0.0000,        331996.7607,          9491.4411,          7220.8591,          3793.0513,          4861.9643,         13237.6879,          5646.9075,          8220.8760,        410074.4018,        407211.5313,        411024.9875,        408096.3399,        413214.2889,             0.0000,             0.0000,             0.0000,             0.0000,             0.0000,             0.0000,             0.0000,             0.0000,             0.0000,             0.0000,             0.0000,             0.0000,             0.0000,             0.0000,             0.0000,             0.0000,             0.0000,             0.0000,             0.0000,             0.0000,             0.0000,             0.0000,             0.0000,             0.0000,             0.0000,             0.0000,             0.0000,             0.0000,             0.0000,             0.0000,             0.0000,             0.0000,             0.0000,             0.0000,          4148.0046,         13439.7682,          7244.2138,        125460.1341,         11034.1442,        812024.3186,         13024.0033,         13510.9146,          5218.6809,          5651.1609,          3819.3539,         13255.5271,         10654.9318,          8243.7569,             0.0000,          7022.8476,          9224.4095,          8395.5797,          7346.6411,             0.0000,        334039.3415,         11253.0295,         10632.4978,         13095.6066,         13525.2151,          3087.0115,         12277.8892,         12301.0221,        396899.8014,        394062.5079,        397911.8931,        395003.4535,        400099.2568,         12165.0431,          9886.9163,        125085.5975,         12953.0509,        812667.1344,         13400.7556,         13257.1645,          7989.4263,          3526.8338,          3415.6962,         13834.1755,         12534.2277,         10650.7706,             0.0000,          5736.8393,          8569.2573,         10799.0417,          8888.4387,             0.0000,        331026.1185,          9099.8428,         12407.5969,         12832.6241,         12646.5210,          5953.1341,         11458.0381,         10642.3736,        397202.8137,        394433.0395,        398164.7563,        395189.0657,        400397.2285,         11761.2971,        118713.9073,          9608.8853,        815623.6630,          5323.7963,          3339.0563,         13684.5395,         10987.3159,         13133.5206,          6283.9198,          9541.2606,         11192.3626,             0.0000,         10023.1305,          8242.5366,         11109.7118,         10832.1768,             0.0000,        327991.2989,          7668.1720,         10608.0992,          3712.5658,          5090.8931,         13805.4135,          3369.6812,          7013.7591,        409241.8842,        406467.3185,        410168.2256,        407173.1577,        412407.2180,        120289.3876,          5672.2890,        809803.5973,          8698.5174,         10216.5239,          8169.2873,          8783.6649,         10218.4270,          9740.3897,          4629.1238,          1201.1457,             0.0000,          7937.1658,          7356.2922,          1429.5740,          3103.5159,             0.0000,        333672.0615,         13648.8787,          8689.4874,          9463.6892,         12939.4100,          8163.6947,          9530.8143,         13799.6693,        402652.9240,        399780.5098,        403743.9879,        400895.9570,        405896.2018,        120347.0223,        734933.4301,        117776.6294,        118161.8022,        128145.1521,        121582.2675,        127813.3479,        120554.7942,        119193.8586,        119612.8095,             0.0000,        119377.4534,        116960.1510,        119660.2348,        118539.8930,             0.0000,        259636.0776,        125889.7439,        125361.8779,        116973.9571,        123315.2606,        127673.6304,        116821.9460,        125643.7441,        488678.2320,        486872.7892,        490753.8176,        487824.3681,        493158.0462,        813724.8110,          5097.2156,          6926.7347,          9545.9894,         12253.6305,         12623.2700,          5005.8834,          1632.6451,          4727.4613,             0.0000,         11312.6967,          9701.0185,          4441.7597,          7497.9938,             0.0000,        335052.7666,         12691.2792,          5309.7842,          6970.7403,          9792.2127,         10673.3678,          8376.9382,         11995.7209,        407064.1896,        404144.8294,        408105.2272,        405258.9705,        410245.4090,        814019.4717,        815154.9673,        816164.1995,        810045.2370,        815173.8593,        816986.3439,        812182.0849,        810010.8221,             0.0000,        808902.8911,        808629.0424,        810222.1559,        808280.0235,             0.0000,        707788.7114,        819738.8916,        818340.9148,        813415.5371,        820095.5437,        814732.2614,        812447.5346,        820674.1482,        866871.7358,        869204.1800,        873504.7181,        873540.8715,        874623.5353,          2184.8643,         12545.2737,         12064.3993,         13896.2406,          3240.8136,          5026.2011,          7745.6535,             0.0000,         10723.5726,          8297.7152,          7570.4622,          8731.8702,             0.0000,        330910.3774,         11053.8341,          8125.4359,          2227.4595,          7315.2661,         13187.6369,          4373.2139,         10177.2228,        409911.1743,        407064.6443,        410912.3114,        407999.3558,        413098.6174,         13116.2280,         12034.1586,         13844.2957,          3596.9064,          6982.1911,          9397.7886,             0.0000,         10832.7993,          8570.4156,          9249.7464,          9913.5217,             0.0000,        329940.9780,          9678.5684,          8842.1313,          1769.1272,          5771.5643,         13647.4888,          3648.3595,          8713.3211,        410195.5760,        407371.3856,        411160.9570,        408215.8686,        413366.5122,          9981.1529,          5435.6082,         11536.9916,          9951.8801,          8816.8277,             0.0000,         10998.8268,         12209.0464,          8802.4714,          9835.4492,             0.0000,        338241.2571,         10800.4974,          6996.7581,         13318.7964,         12009.4511,          2402.8713,         13320.8143,         11189.0597,        398248.9705,        395320.7412,        399222.4217,        396350.2617,        401372.4533,          6654.7710,         13307.3627,         11447.8099,          9414.3197,             0.0000,          2350.3467,          5532.5086,          9605.6585,          6790.5735,             0.0000,        328480.1486,         10259.6679,         13131.3062,         11185.1896,         12864.3038,          8185.0519,          9497.0322,         11603.2538,        399218.4514,        396483.8570,        400222.7497,        397246.4781,        402463.5041,         13565.3272,         12591.1304,         11000.1479,             0.0000,          8564.9055,         10905.3852,         11089.2525,         10250.1350,             0.0000,        334289.9726,          8825.1019,         10823.5877,         13788.8698,         12296.0296,          3561.2035,         12900.5676,         10144.0027,        396448.8276,        393618.3827,        397386.8842,        394436.6518,        399594.1130,          5885.8276,          8900.5788,             0.0000,         12457.1505,         10638.1765,          8673.4512,         10530.8898,             0.0000,        333522.6675,         10150.3234,          5864.1454,          4886.6065,          5648.3255,         12662.0158,          6797.3527,          8870.6260,        409616.8024,        406724.2578,        410578.9042,        407674.6893,        412750.5888,          3533.0049,             0.0000,         10291.7084,          8502.9963,          3264.7772,          6158.0967,             0.0000,        333865.5128,         13065.7765,          6692.7992,          6609.6467,         10497.5575,         10751.4234,          7764.0610,         12553.8052,        406842.3369,        403945.9282,        407903.5324,        405053.4490,        410050.7830,             0.0000,          8371.1727,          7318.2909,           295.9620,          3414.0833,             0.0000,        333486.4800,         13667.1854,          8362.3354,          8641.5109,         12484.0652,          9010.7865,          8920.5892,         13664.5745,        403846.1644,        400970.8572,        404936.6310,        402089.6592,        407087.6230,             0.0000,             0.0000,             0.0000,             0.0000,             0.0000,             0.0000,             0.0000,             0.0000,             0.0000,             0.0000,             0.0000,             0.0000,             0.0000,             0.0000,             0.0000,             0.0000,             0.0000,             0.0000,          3306.4653,          8569.1914,          5384.6475,             0.0000,        327471.3761,         10998.6087,         13091.7621,          9723.1844,         12681.2297,          9514.6490,          7960.9980,         12069.7657,        401124.3273,        398395.6646,        402153.8713,        399186.2776,        404392.0586,          7467.7247,          4607.4250,             0.0000,        326833.7838,         11541.6388,         12525.4212,          7153.0134,         11767.0656,         11275.4392,          5445.0235,         12135.3730,        404293.1093,        401556.1441,        405338.9776,        402383.7330,        407569.6149,          3667.5599,             0.0000,        333633.3892,         13624.2536,          8139.6525,          8530.6222,         12337.8391,          9071.9770,          8883.0594,         13579.7693,        404036.8434,        401157.6774,        405125.2191,        402279.4875,        407274.7548,             0.0000,        330659.0368,         13259.6173,         10716.4841,          8761.8168,         13062.2117,          9186.5815,          8145.8183,         13672.3345,        402775.6433,        399964.3779,        403866.5787,        400980.6861,        406049.6443,             0.0000,             0.0000,             0.0000,             0.0000,             0.0000,             0.0000,             0.0000,             0.0000,             0.0000,             0.0000,             0.0000,             0.0000,             0.0000,        331347.3041,        338166.1130,        328881.5334,        332245.2877,        336633.4223,        327355.6077,        332070.9241,        587788.8566,        589669.1543,        588901.5528,        583925.5954,        592849.2772,         10475.0397,         10390.4235,          5574.8956,         10700.1879,          9724.3474,          2022.4899,        403426.2188,        400629.7044,        404262.0832,        401237.1222,        406509.1538,          9694.7044,          8148.2014,          8897.1504,         10867.6417,          9587.3424,        405011.8794,        402049.8993,        405971.8535,        403111.5734,        408108.2276,          7213.8301,         13614.8030,          2332.5364,          9721.6496,        409839.2087,        407035.0571,        410830.0443,        407885.7184,        413039.9768,         12752.0818,          7794.5979,          3817.2884,        408179.6972,        405333.5512,        409046.4125,        406065.8193,        411262.2858,         13208.4012,         11490.9537,        396982.5988,        394094.3848,        397962.9640,        395069.8325,        400131.6871,          9478.8592,        408560.4508,        405794.5188,        409548.5000,        406579.7502,        411778.0885,        405050.3938,        402230.2743,        405882.7510,        402870.0232,        408118.8418,          8417.5923,          7829.3097,         13039.8125,          7781.0369,         11977.8620,         17736.8509,          9511.1651,          7083.6308,          4975.1321,         11977.8620,
   28800.000,      0.0000,             0.0000,             0.0000,             0.0000,             0.0000,             0.0000,             0.0000,             0.0000,             0.0000,             0.0000,             0.0000,             0.0000,             0.0000,             0.0000,             0.0000,             0.0000,             0.0000,             0.0000,             0.0000,             0.0000,             0.0000,             0.0000,             0.0000,             0.0000,             0.0000,             0.0000,             0.0000,             0.0000,             0.0000,             0.0000,             0.0000,             0.0000,             0.0000,             0.0000,             0.0000,             0.0000,             0.0000,             0.0000,             0.0000,             0.0000,             0.0000,             0.0000,             0.0000,             0.0000,          1218.3575,         11660.6903,          9251.2722,         13366.0484,          5295.6435,          9328.4063,          7301.8300,         10487.6572,             0.0000,          7122.4843,          2983.2048,         12267.1737,          3661.1624,        119242.2552,         10160.4860,        816300.8293,          9425.4385,         13274.4805,          7223.4791,          9850.2222,          3982.6026,         13540.0181,          6050.1920,          5266.0827,             0.0000,          9951.2386,          6327.8605,          4803.5661,          8184.6547,             0.0000,        338005.5044,         13414.0754,         12521.8525,         12923.9073,         13804.4721,          5249.1090,         11105.0805,         12811.2781,        412088.6409,        407765.7264,        405677.2565,        406465.7208,        411800.2693,         11503.5759,          8359.7690,         12977.0612,          4578.7366,          8445.0147,          6704.3500,          9655.8611,             0.0000,          8129.4067,          4092.7087,         11807.3342,          3929.0193,        119857.7943,          9508.6803,        815348.0318,          8568.8364,         13241.3798,          6662.4595,         10639.7028,          4439.4148,         13262.7792,          5294.4225,          5187.9945,             0.0000,         10655.2192,          6114.9304,          4709.1762,          8529.1493,             0.0000,        337516.2789,         13286.9316,         12051.5812,         12929.3556,         13824.2788,          4865.2143,         11522.0412,         12579.5623,        411286.6125,        406976.2456,        404865.6583,        405637.9510,        410984.5034,          7519.7959,          7068.7779,         12658.3070,          7442.3206,          6629.8067,          9323.5193,             0.0000,         11071.7952,         11160.4628,         10582.6891,         13224.7132,        120577.6783,         11711.2547,        811222.3331,         10896.8077,         10474.9412,          6560.3080,         11523.9835,          9352.1021,          8490.1454,         12585.0999,         13518.1246,             0.0000,         12278.0541,         13526.9844,         13384.4896,         13788.9071,             0.0000,        333803.8869,          5121.7259,          5439.4714,         11223.7411,          8433.2390,          8066.7694,         11988.5572,          2713.6946,        403205.9949,        398893.6326,        396929.3252,        397766.3294,        403121.3660,          7577.7487,          7856.2559,           119.9807,          4549.1194,          3822.9605,             0.0000,         12941.0080,         10778.1201,          8163.9906,         10377.9034,        123785.3579,          7128.1279,        809559.2173,          5098.8819,         11210.7608,          4759.0328,         13848.9983,          9214.1073,          9016.6293,          7523.7531,         10074.6651,             0.0000,         13815.8340,          9829.4527,          9899.7196,         12278.3625,             0.0000,        332553.6279,          9071.8960,          5868.3089,         11565.1496,         11107.9958,          6464.4565,         13043.0594,          7618.4354,        403188.4730,        398916.4055,        396788.9823,        397535.0436,        402921.6921,         11494.8745,          7478.1141,         10230.7148,          5991.2487,             0.0000,         13337.6743,         13768.9071,          4694.0829,         13106.9133,        127462.1064,          7439.8628,        812901.1275,          7675.1618,          5602.8930,         10296.4023,         12054.4729,         13116.3315,          2173.6679,         11008.2296,         12362.1689,             0.0000,         11810.3574,         11699.9891,         12467.3024,         11867.2109,             0.0000,        327298.8889,          3535.2575,          2294.9641,          6558.0419,          4787.7531,         11739.5596,          9836.9709,          4677.9605,        399574.6888,        395182.5411,        393207.7266,        394088.8548,        399350.5516,          7933.6336,          8776.7801,          7280.3396,             0.0000,         10372.7130,          7760.7999,          8862.5374,          3811.3510,        124422.1891,          5802.3013,        815849.9637,          5350.9951,         11264.9029,          8840.4939,         11362.6426,          8536.5802,         11427.5768,           855.4482,          2864.0928,             0.0000,         10683.6672,          2805.6301,          2681.3849,          6760.9843,             0.0000,        333356.7474,         12879.1852,         11128.6457,         10793.2530,         12714.4127,          8093.3567,         10438.3569,         12782.9848,        408688.4067,        404337.9062,        402208.8249,        402998.2695,        408295.2200,          4588.4915,          3794.7496,             0.0000,         12957.0565,         10831.9492,          8115.1255,         10444.7897,        123822.2666,          7132.0374,        809547.2750,          5121.6907,         11151.2088,          4796.4977,         13840.0188,          9265.9341,          8932.0671,          7596.8229,         10136.4290,             0.0000,         13809.3056,          9884.2772,          9965.1892,         12302.4690,             0.0000,        332484.9329,          8975.0923,          5757.8986,         11516.1535,         11029.6908,          6524.2236,         13021.3456,          7517.7578,        403098.9929,        398826.1420,        396700.6230,        397447.9654,        402833.8805,          7963.5347,             0.0000,         10777.0763,          8117.1272,         11405.6661,          9857.2234,        119296.4925,         10364.4972,        810146.4694,          8627.3928,         13140.2227,           250.0306,         12816.3165,          5652.5467,         11541.1287,          8896.1181,         10432.6840,             0.0000,         13295.9845,         10742.5177,         10105.4423,         12746.6185,             0.0000,        336783.4394,         10196.5860,          8348.1858,         13428.5886,         12500.0393,          2537.5120,         13520.3820,          8249.2104,        406621.5071,        402374.4248,        400272.1550,        401012.4764,        406431.0690,             0.0000,         13605.1871,         12134.2605,          4861.0139,         10253.6942,        127205.6333,          3886.0661,        811406.4223,          2361.7099,          8904.0148,          8132.6169,         13535.4345,         11433.8174,          6863.2022,          6625.0822,          9270.7692,             0.0000,         13046.2622,          8558.3759,          9282.7092,         10824.0326,             0.0000,        329188.0889,          8661.7360,          5401.0037,          9163.2902,          9622.1664,          9368.4051,         11537.9484,          8344.7625,        401757.3280,        397427.0030,        395316.1035,        396103.9025,        401424.4905,             0.0000,             0.0000,             0.0000,             0.0000,             0.0000,             0.0000,             0.0000,             0.0000,             0.0000,             0.0000,             0.0000,             0.0000,             0.0000,             0.0000,             0.0000,             0.0000,             0.0000,             0.0000,             0.0000,             0.0000,             0.0000,             0.0000,             0.0000,             0.0000,             0.0000,             0.0000,             0.0000,             0.0000,             0.0000,             0.0000,             0.0000,             0.0000,             0.0000,             0.0000,          4597.9498,         13228.4775,          7521.6695,        118136.9040,         12893.9499,        820629.7963,         13124.1152,         11560.9636,         10597.9000,          4013.7534,          6474.5214,         12921.8029,         10893.5786,          8813.8150,             0.0000,          5171.9164,          9584.4466,          8700.5859,          7805.4338,             0.0000,        337563.3533,         11840.1770,         13108.2037,         11229.9523,         11380.9628,          9161.4102,          7719.8429,         12096.2448,        412686.9118,        408271.4179,        406353.8994,        407267.0867,        412510.6242,         13278.7991,          5221.2813,        117526.1864,         11856.2273,        817682.9964,         11393.8053,         13258.4992,          7959.3998,          8035.9713,          3048.7611,         13832.4096,          8456.6286,          6998.1672,             0.0000,          8586.4261,          8065.9055,          6646.4813,          8463.1226,             0.0000,        339046.3747,         13057.0876,         12997.4721,         12946.2777,         13373.7265,          5900.7936,         10395.1594,         12560.1926,        413086.1169,        408742.5928,        406716.8038,        407542.8108,        412859.9705,         10869.5697,        129561.3831,          3624.1954,        815171.5179,          5127.3412,          4760.8106,         11498.5442,         11741.1066,         13429.3286,          3817.6248,          8216.8403,          9548.2374,             0.0000,         10860.3022,          8545.6324,          9786.6945,          9058.3702,             0.0000,        326207.7114,          7496.0813,          6042.5157,          4934.7084,          6524.8261,         12356.1813,          8477.5066,          8788.4440,        401113.8701,        396688.9842,        394669.6503,        395551.1888,        400770.6466,        122196.8270,          8577.3295,        818705.5320,          8636.6887,         11770.1671,          9822.9530,          8984.1662,          7236.0541,         12747.4476,          4547.4405,          1974.0843,             0.0000,          8436.1091,          3242.4141,          1622.8815,          5095.8675,             0.0000,        335424.5727,         13607.2813,         12859.9695,         11141.7613,         13046.8782,          8337.9597,          9191.2658,         13710.1917,        411698.0174,        407317.0190,        405244.4911,        406073.9531,        411342.3598,        128712.1417,        814896.8486,        127426.7261,        128560.1187,        119110.2297,        121267.4397,        116598.5417,        128369.5657,        125146.4164,        124151.3873,             0.0000,        122851.9785,        125364.2238,        123734.2351,        125338.4059,             0.0000,        451924.8832,        124939.1591,        125821.1316,        128676.5446,        126851.6725,        117978.2777,        125595.2032,        123194.8742,        495598.8844,        492236.7826,        490465.0702,        490810.2020,        497120.0048,        814854.1206,          2393.8409,          7605.6352,         10484.3654,         12253.9646,         12145.8472,          7118.3695,          5031.4891,          7044.9851,             0.0000,         11302.8385,          5966.9607,          7246.1161,          8029.7449,             0.0000,        328078.7032,         10015.0255,          7874.3313,          7377.5054,          9471.1399,         10974.0497,          9515.9495,         10606.3293,        403289.8331,        398898.9254,        396808.7479,        397640.2355,        402892.5370,        812848.5906,        818450.3441,        810283.3797,        822392.9479,        814825.1932,        814935.6469,        815536.2534,        818641.6236,             0.0000,        822889.3948,        818475.9736,        818358.0603,        821741.1792,             0.0000,        901666.9625,        813845.2113,        811300.7048,        819302.7556,        817216.3992,        811900.5931,        822071.9157,        811623.2208,        696920.3234,        704885.5043,        698254.9613,        690900.6318,        699206.3661,          9204.2131,          8782.4718,         13137.0874,         11170.9441,          8012.6356,          4591.9779,          7414.9332,             0.0000,         12445.1991,          6601.5950,          7459.1936,          9376.7103,             0.0000,        329521.9123,         10189.6123,          7407.3685,          9158.3338,         10502.0561,          9470.5105,         11040.8605,         10130.6403,        403359.8505,        399015.7264,        396888.7680,        397677.4760,        402980.6136,         13146.5075,          8896.6307,         13838.9699,          3544.2824,         10888.8344,         10842.6178,             0.0000,          8065.2535,         10099.6478,         11124.9472,          8489.3429,             0.0000,        326374.6794,          6226.4107,          7478.2165,          1184.1051,          3055.7774,         13691.4601,          5295.3846,          8622.3900,        402220.5833,        397731.9915,        395827.3875,        396793.2755,        401949.5389,         12675.8931,          5459.0716,         11588.1480,          8977.8092,         10437.5860,             0.0000,         13182.9519,         10769.1551,         10107.9418,         12711.3709,             0.0000,        336928.8878,         10182.0214,          8425.5177,         13432.0931,         12478.8545,          2385.4475,         13454.1816,          8238.2125,        406782.0150,        402533.5840,        400435.6048,        401178.4227,        406595.9205,          9783.6073,         11071.3087,         11658.2348,          9528.1238,             0.0000,          1797.7277,          9850.2461,          9625.1726,          6719.5216,             0.0000,        334095.7393,         10526.9086,         12505.2530,          8471.0157,          8927.9565,         11794.3099,          4427.6163,         11700.5475,        410565.7682,        406085.3778,        404225.8705,        405202.0905,        410374.4760,         13651.7463,          9109.6233,          8737.5418,             0.0000,         10537.3968,          9623.7267,          8343.4934,         10638.3256,             0.0000,        339612.0167,         12301.5878,         11886.1379,         13771.6074,         13475.7884,          3312.3821,         11972.7929,         11179.9695,        411664.2630,        407368.5170,        405320.4816,        406109.7596,        411479.2884,         10941.3284,         11862.6379,             0.0000,         10599.6687,         11113.0704,         12046.1080,         10700.2063,             0.0000,        326395.7894,          4179.2747,          4344.7088,          4545.7787,          3411.2382,         12709.5149,          8274.5068,          6192.4326,        400084.2599,        395651.2373,        393703.9391,        394620.3070,        399837.1243,          3364.6812,             0.0000,         10920.2668,          2973.3995,          3284.9795,          6932.1310,             0.0000,        332584.3106,         12596.1217,         10701.5496,         10439.6633,         12414.9635,          8449.8059,         10434.6778,         12551.2619,        407885.3596,        403532.7824,        401400.9523,        402190.8223,        407484.7785,             0.0000,          8669.1632,          1296.8507,           503.5238,          4361.7441,             0.0000,        333564.5965,         13306.1424,         12338.9024,         10149.0190,         12487.3601,          9323.0869,          8779.6971,         13630.6784,        410322.2585,        405927.1587,        403846.5853,        404681.6385,        409932.1392,             0.0000,             0.0000,             0.0000,             0.0000,             0.0000,             0.0000,             0.0000,             0.0000,             0.0000,             0.0000,             0.0000,             0.0000,             0.0000,             0.0000,             0.0000,             0.0000,             0.0000,             0.0000,          8841.0184,          8850.1621,          5294.9245,             0.0000,        332812.2384,         10750.7624,         12489.3375,          7441.1541,          8689.7597,         12346.2548,          3054.7347,         12154.7093,        410134.3069,        405637.9922,        403765.8811,        404746.4879,        409899.0015,          1705.1304,          4204.4667,             0.0000,        332294.3078,         12918.5530,         11832.3868,          9385.2066,         11952.8715,          9915.0292,          8500.1026,         13389.3642,        409224.2701,        404820.2952,        402739.0274,        403579.4901,        408819.1003,          4745.2916,             0.0000,        333996.4102,         13364.2750,         12352.4135,         10465.5108,         12674.8726,          8931.4498,          9067.7620,         13588.8963,        410510.3452,        406123.8126,        404038.0463,        404865.8263,        410125.8942,             0.0000,        331631.8332,         12326.9497,         12510.4177,          7538.9191,         10409.7764,         11797.6633,          5098.3350,         13467.9722,        409869.4708,        405397.9415,        403415.0312,        404335.5567,        409506.3072,             0.0000,             0.0000,             0.0000,             0.0000,             0.0000,             0.0000,             0.0000,             0.0000,             0.0000,             0.0000,             0.0000,             0.0000,             0.0000,        329217.1861,        329069.5095,        326504.4171,        327455.8567,        338335.6137,        329919.2120,        331096.6266,        258467.3789,        250431.8783,        251202.3393,        255866.0946,        252511.2137,          3872.9617,          7245.0323,          3769.3758,         11453.8991,          9332.6854,          2808.2863,        400920.7821,        396521.6673,        394610.8925,        395521.9618,        400781.4796,          8333.3614,          6399.8051,         10129.4327,         10967.4256,          3410.3080,        400121.2927,        395772.3979,        393767.5348,        394610.5617,        399919.6708,          4082.8200,         13796.9919,          4529.5658,          9535.0618,        403039.0903,        398540.9112,        396632.2084,        397601.7480,        402746.5396,         13259.2414,          6582.0792,          6476.2631,        401657.9348,        397190.1610,        395317.2151,        396284.0620,        401467.3959,         13075.3488,          9843.6444,        409089.0897,        404830.3652,        402735.0291,        403484.0627,        408890.7654,         11207.7594,        407395.7426,        402885.7663,        401006.3089,        401993.0721,        407128.0111,        401216.3932,        396871.8950,        394920.6547,        395782.7580,        401101.7088,          9018.1341,          9570.1040,         13125.2905,         10909.8866,         10008.6063,         17433.8728,         12863.4518,          8007.1785,          7172.0081,         10008.6063,
   32400.000,      0.0000,             0.0000,             0.0000,             0.0000,             0.0000,             0.0000,             0.0000,             0.0000,             0.0000,             0.0000,             0.0000,             0.0000,             0.0000,             0.0000,             0.0000,             0.0000,             0.0000,             0.0000,             0.0000,             0.0000,             0.0000,             0.0000,             0.0000,             0.0000,             0.0000,             0.0000,             0.0000,             0.0000,             0.0000,             0.0000,             0.0000,             0.0000,             0.0000,             0.0000,             0.0000,             0.0000,             0.0000,             0.0000,             0.0000,             0.0000,             0.0000,             0.0000,             0.0000,             0.0000,          4237.6577,         11125.1695,         12804.8815,         13281.2417,          6643.6267,         12443.7988,         11335.6282,         10845.2307,             0.0000,          7107.6907,          5278.8636,         12245.9317,          5207.8532,        129479.5626,         12476.5345,        813021.5074,          9757.1892,         10997.2515,         11095.4201,          7263.9908,          7294.2544,         12627.9274,          7821.1585,          7175.1238,             0.0000,          6828.8960,          6725.0546,          6615.5414,          8220.8347,             0.0000,        339077.3304,         13112.9793,         13017.1329,         10527.8632,         12710.0051,          9632.9037,          4678.0252,         12282.0652,        403376.6527,        398004.1075,        392484.3911,        395001.6663,        399290.6387,          8174.7241,         11131.0863,         13732.4227,          8336.0468,         10773.5164,          8433.3084,          9444.5340,             0.0000,          9452.1878,          1450.0204,         11213.7893,          8490.3119,        128961.8968,         13222.3705,        815856.5203,          8789.3908,         13027.5349,          8325.5045,          9414.2206,          3320.5172,         13733.2952,          9239.1159,          9856.7823,             0.0000,          9604.7357,          6114.2448,          9404.2407,         11223.4580,             0.0000,        336099.5308,         11322.7343,         13372.7916,         12774.0262,         13780.8604,          6318.0758,          8267.4573,          9796.8277,        405827.9771,        400393.9225,        394923.9045,        397525.8505,        401776.3286,          6755.8337,         10491.5897,         12426.3296,          7051.4094,           284.0014,          8463.0371,             0.0000,         11854.3897,          7619.1370,          8764.4037,         13282.9732,        122478.4673,         11848.0072,        819955.7359,          9511.0581,         13259.0455,          1165.7799,         11626.3128,          5404.1721,         11833.3844,         12444.6065,         13507.7436,             0.0000,         12444.0914,         10090.4306,         13404.6367,         13803.1074,             0.0000,        328118.5457,          4792.4930,         10037.1081,         13467.5574,         11997.8145,          2276.8375,         12953.5722,          2146.7730,        413805.1393,        408374.2031,        402921.0805,        405518.5806,        409796.3565,          8734.1692,         10301.0831,           935.6765,          6653.4410,          4124.6692,             0.0000,         13688.1929,         10226.9941,          2675.5463,         12338.9919,        118083.7937,          7186.0752,        823366.9838,          5905.1303,         10889.2656,          7537.4882,         13687.9078,          9281.1950,          9549.2362,          9585.0729,         11416.7610,             0.0000,         13763.5213,          8831.5594,         11591.8564,         12507.3358,             0.0000,        327335.0742,          4151.5035,          8544.1673,         11332.9211,          8943.3972,          8277.3062,         12712.2241,          5567.4608,        413137.7380,        407753.3171,        402334.6862,        404880.0723,        409276.8626,         12090.0682,          9292.6222,         10359.5566,         10982.4264,             0.0000,          9495.7135,         13752.9161,          9124.3665,         11716.9877,        116992.0195,          5947.8948,        816626.6074,         11710.1981,          5711.0687,         10212.4864,          9501.8625,         13239.4242,          2350.8119,         11520.4963,         10851.7814,             0.0000,          9624.5355,         13160.1799,         11162.7768,          8804.0247,             0.0000,        329330.1652,          7103.9179,           512.8011,          6323.9217,          3160.4122,         11678.5730,         11172.6021,          9101.2099,        413901.2842,        408650.4919,        403088.9077,        405442.2965,        409875.9552,          9688.7958,         12553.7174,          7274.8712,             0.0000,         10422.3313,          8152.8802,          8463.2937,          3632.0953,        125174.9186,          8385.8129,        817315.1773,          5661.3685,          8716.5091,         12836.5560,         10750.1798,          9914.4083,         10875.3561,          1372.0438,          3071.5372,             0.0000,          9693.3295,          4093.9785,          2880.8084,          6940.1129,             0.0000,        337558.0553,         12427.8742,         12024.7395,          8432.7621,         10225.2949,         11925.7988,          5191.7557,         12758.6011,        403256.7601,        397914.6483,        392445.3512,        394933.0317,        399335.4649,          6982.8590,          3220.4254,             0.0000,         13777.2104,          9809.0023,          2095.7167,         11929.0403,        118605.6585,          7214.8718,        823507.2621,          5042.0986,         10975.3640,          7896.3004,         13799.8298,          9022.2975,          9921.3427,          8968.6236,         10996.3947,             0.0000,         13795.6491,          8091.1457,         11158.2689,         12386.3091,             0.0000,        327937.3768,          4962.5250,          9114.0860,         11380.1762,          9246.6586,          8374.2599,         12411.9427,          6107.9926,        412335.7565,        406945.3807,        401534.8921,        404089.4918,        408486.5429,          8499.7805,             0.0000,         11940.8395,          7878.6825,          8718.2462,         13415.6921,        122211.1250,         11782.3837,        820058.6187,          9591.2201,         13236.5335,          1169.1880,         11711.5513,          5680.3485,         11742.5935,         12545.6354,         13604.1583,             0.0000,         12533.8999,         10259.5802,         13512.8937,         13859.5068,             0.0000,        327884.0280,          4569.4059,          9905.5525,         13460.2766,         11909.6831,          2551.6792,         13084.8017,          1886.5755,        414044.6719,        408615.7757,        403162.1644,        405756.9158,        410037.4848,             0.0000,         13628.2381,          8378.3046,          2706.2339,         10124.4955,        120840.4837,          7615.5544,        823057.2733,          1904.9721,         11045.9277,          9353.4746,         13732.4090,          8363.4932,         11006.1397,          6614.0391,          9235.6327,             0.0000,         13444.8634,          5327.9928,          9327.6526,         11601.7398,             0.0000,        330643.5346,          7707.2228,         10833.0987,         11279.6163,         10200.5348,          9020.5294,         10964.6285,          8241.1736,        409218.7567,        403817.1144,        398420.1368,        400992.5004,        405387.6273,             0.0000,             0.0000,             0.0000,             0.0000,             0.0000,             0.0000,             0.0000,             0.0000,             0.0000,             0.0000,             0.0000,             0.0000,             0.0000,             0.0000,             0.0000,             0.0000,             0.0000,             0.0000,             0.0000,             0.0000,             0.0000,             0.0000,             0.0000,             0.0000,             0.0000,             0.0000,             0.0000,             0.0000,             0.0000,             0.0000,             0.0000,             0.0000,             0.0000,             0.0000,         10456.5073,         13638.3747,          7711.0166,        126274.8740,         11496.3235,        809734.3796,         13229.0083,          7951.0316,         11268.0392,           515.5921,         11052.0779,          8903.8943,         10970.8827,          8864.8398,             0.0000,          1210.1810,         11831.7753,          8666.4982,          6176.8101,             0.0000,        337271.8416,         12338.5175,          9259.7057,          7494.8295,          9700.9980,         11163.3865,          6003.5896,         12211.9222,        407262.3113,        401986.8825,        396370.3601,        398748.1935,        403070.8911,         10318.2163,          8914.1641,        128246.1318,         12895.4305,        817304.3693,          7784.7581,         13251.8838,          7964.3883,         10428.1355,          2550.0262,         13826.7352,          8931.9535,         10015.6929,             0.0000,         10579.9753,          5315.4245,          9607.4127,         11721.7780,             0.0000,        335206.2256,         10761.4919,         13399.0029,         13063.6684,         13761.7066,          5889.3484,          8926.2274,          9230.8124,        406265.7966,        400819.4602,        395371.8790,        397992.8429,        402251.5913,         10899.9969,        118415.9461,          5743.4729,        823214.6844,          4161.6767,          9880.8581,          9526.7486,         13737.7050,         10023.1592,          9280.3567,          7537.9005,          9660.7846,             0.0000,         13477.5760,          7560.5324,          9899.2230,         11323.1693,             0.0000,        329128.9384,          6464.2441,          9041.6905,         10282.7804,          8377.2801,          9857.3300,         11582.9893,          7883.5934,        411014.7722,        405647.1839,        400231.5303,        402757.3123,        407184.4629,        126511.7683,          9362.3587,        813749.7445,          8798.2739,          7592.2711,         13382.9241,          8121.1956,         10752.5230,         10264.8289,          4507.4188,          2278.3732,             0.0000,          6779.0147,          6829.0646,          1697.3124,          4476.1314,             0.0000,        339387.8351,         13457.0612,         11647.0164,          7034.9512,          9989.6572,         12558.4092,          1791.8633,         13694.1306,        402623.4766,        397318.7579,        391789.2490,        394220.0712,        398607.5861,        117288.9725,        888302.9238,        122217.1615,        119884.3490,        122675.6115,        126293.2759,        127049.9658,        117658.4842,        123865.1671,        124511.4999,             0.0000,        126282.1481,        125821.2980,        125092.4521,        123664.9950,             0.0000,        252787.7260,        118101.9255,        117303.0051,        120616.2113,        117275.5248,        124730.4847,        126805.2524,        120377.3932,        502203.4774,        497634.0716,        492381.1044,        493959.4854,        499579.7292,        819474.5587,          7916.1237,          4996.2550,         12117.0469,         11714.9076,         13096.1423,          4862.9626,          7320.1126,          7593.7487,             0.0000,         11078.3224,         10043.9278,          8086.3769,          7691.1041,             0.0000,        331228.5477,          8666.7185,          6157.2628,          5583.6802,          3543.2476,         12805.4699,          9771.6048,         10732.6658,        410210.4832,        404942.0082,        399444.1475,        401832.1863,        406316.3865,        822162.7124,        814486.6357,        818995.7071,        809718.6450,        818271.0091,        815811.7709,        818204.2843,        815192.1613,             0.0000,        809778.1685,        819518.0586,        814947.4484,        812456.9543,             0.0000,       1066504.9520,        821188.5740,        816589.0827,        813914.4937,        816831.2892,        818690.0040,        812446.0951,        820667.1312,        775164.5307,        777999.6251,        770747.8510,        765452.1694,        763792.8340,         10846.4231,         10333.7797,         13385.2976,          8347.3883,         11397.6196,          5086.9420,          7970.1536,             0.0000,         12917.6178,          3743.2191,          8009.9968,         10844.6247,             0.0000,        332506.3906,          9203.0627,         11578.8225,         10962.4945,         10572.4082,          9668.5020,          9836.3488,          9567.4913,        407327.8609,        401929.1919,        396528.1096,        399096.8067,        403491.6891,         13140.3232,          8264.6715,         13815.8698,          3483.7613,          8225.4537,          6414.2805,             0.0000,          7336.9393,         11413.1839,          6833.8095,          3859.9169,             0.0000,        334534.0837,         10987.8016,          5920.7001,           788.5120,          3314.5940,         13688.4305,          7263.8252,         12526.3125,        408462.2654,        403241.0484,        397666.0982,        399982.5563,        404445.9921,         11001.6264,          5782.6812,         11628.3732,         12902.3980,         13701.8904,             0.0000,         11945.9276,         10733.2298,         13590.5431,         13669.7001,             0.0000,        328267.7197,          5039.7668,          9734.3733,         13333.0889,         11927.1612,          2393.4148,         12899.2380,          2471.5727,        414078.5872,        408657.0757,        403186.0989,        405768.6426,        410039.2914,         10924.2911,          9034.6367,         11297.0268,          9278.8678,             0.0000,          1725.3895,         12008.6338,          9077.6972,          6637.7963,             0.0000,        336994.1273,         12199.5806,          9244.7593,          7841.1944,          9871.2288,         10926.9244,          6427.2528,         12004.2513,        407624.9407,        402345.7062,        396728.6529,        399111.0368,        403426.7565,         13745.4178,         10455.0139,         11623.1871,             0.0000,         11403.0447,          6915.6204,         11298.6991,         12886.2927,             0.0000,        332894.8546,          9217.6732,         12833.5010,         13745.7976,         13769.9910,          3524.7594,         10606.3562,          7255.8257,        408714.9306,        403256.6648,        397814.9576,        400450.9278,        404697.2109,         10276.0090,          9213.8577,             0.0000,          8746.2065,         12631.7193,          9587.5759,          6942.3963,             0.0000,        331263.2258,          8759.5630,          2684.2950,          4155.9121,          1394.8372,         12747.0904,          9802.4852,         10667.0665,        411909.5762,        406679.1305,        401109.1247,        403436.5238,        407891.7200,          3234.2012,             0.0000,         10249.1138,          4530.9516,          3311.3598,          7023.8235,             0.0000,        336650.1635,         11963.3141,         11493.9948,          8041.0051,          9486.4575,         12191.2883,          6009.9274,         12560.7620,        403990.9696,        398657.0945,        393194.0598,        395672.2519,        400095.5169,             0.0000,          7927.3983,          6928.3929,           628.6758,          4149.1191,             0.0000,        338260.5744,         12937.3903,         10861.2408,          5970.7323,          8678.6271,         13141.4736,          3595.9648,         13599.8131,        403382.2911,        398092.7164,        392574.8275,        394988.4100,        399414.7031,             0.0000,             0.0000,             0.0000,             0.0000,             0.0000,             0.0000,             0.0000,             0.0000,             0.0000,             0.0000,             0.0000,             0.0000,             0.0000,             0.0000,             0.0000,             0.0000,             0.0000,             0.0000,         11465.3376,          7733.9789,          5148.7746,             0.0000,        337947.9824,         12746.0566,          9438.7491,          6797.5454,          9432.7644,         11766.3282,          5047.9187,         12763.5691,        406381.1713,        401113.9080,        395499.1496,        397867.3720,        402205.8070,          6673.7159,         10125.7338,             0.0000,        335620.3987,         11156.8982,         12971.1065,         11274.5141,         12058.4150,          9387.7829,          7862.6223,         10823.7580,        404669.9686,        399259.0443,        393837.9076,        396419.5093,        400770.0553,          4322.6743,             0.0000,        338567.6263,         13059.9594,         11147.6900,          6363.3756,          9108.8076,         12935.4692,          3165.7462,         13594.9746,        403103.2543,        397806.8141,        392289.1168,        394711.4163,        399127.0077,             0.0000,        337881.1524,         12815.0467,          8848.2778,          3113.9202,          6938.6322,         13591.3883,          3847.3410,         13664.8173,        405185.0869,        399945.6373,        394363.9272,        396703.2898,        401129.3427,             0.0000,             0.0000,             0.0000,             0.0000,             0.0000,             0.0000,             0.0000,             0.0000,             0.0000,             0.0000,             0.0000,             0.0000,             0.0000,        326234.3813,        329298.0280,        335282.1582,        331225.6618,        329997.4024,        339359.9738,        326811.3991,        729959.7619,        724056.3600,        719707.9939,        723055.4308,        727708.3308,          6747.7590,         11445.5709,          8752.7521,          6830.7369,         13267.9145,          2777.7821,        415495.5137,        410124.1499,        404658.6892,        407178.5885,        411539.0232,          6498.9093,          3505.5616,         11216.5286,         11069.7051,          8668.6701,        413944.6044,        408686.6308,        403126.7149,        405489.3241,        409913.6783,          4077.3777,         13768.5544,          6642.7852,         12849.8776,        407793.6973,        402572.7872,        396992.9429,        399308.4492,        403766.2319,         12955.1628,          9771.9377,         10798.4698,        411473.6418,        406238.5499,        400686.3435,        403022.7849,        407492.7931,         12160.9819,          4364.4930,        412106.7975,        406662.6625,        401205.1828,        403819.3009,        408069.2440,         13400.8483,        403271.8733,        397975.9146,        392422.0733,        394837.5574,        399208.3399,        415055.1929,        409647.0409,        404189.4520,        406757.0246,        411067.0408,          8961.8165,         11905.4633,         12658.9473,         12081.9804,          8764.4126,         16144.4428,         14880.5238,         10071.4840,         10507.0387,          8764.4126,
   36000.000,      0.0000,             0.0000,             0.0000,             0.0000,             0.0000,             0.0000,             0.0000,             0.0000,             0.0000,             0.0000,             0.0000,             0.0000,             0.0000,             0.0000,             0.0000,             0.0000,             0.0000,             0.0000,             0.0000,             0.0000,             0.0000,             0.0000,             0.0000,             0.0000,             0.0000,             0.0000,             0.0000,             0.0000,             0.0000,             0.0000,             0.0000,             0.0000,             0.0000,             0.0000,             0.0000,             0.0000,             0.0000,             0.0000,             0.0000,             0.0000,             0.0000,             0.0000,             0.0000,             0.0000,          4786.4590,         13220.3845,         13417.9585,         10186.0551,          6310.6090,         13386.9720,         11899.6481,         11354.4798,             0.0000,          6431.4594,          9965.2256,         12208.7975,          3931.4121,        117856.2605,          9654.1589,        820479.7125,         10107.7304,          8302.0385,         11073.6991,          4707.1230,         11075.5959,          9416.2596,          7441.5922,          5587.0486,             0.0000,          2621.9667,          7757.0704,          5094.9558,          3367.4071,             0.0000,        335118.7688,         13336.3626,          9701.0846,          7189.2263,         12209.3956,         10659.0050,          6834.3478,         13370.5303,        413900.6598,        408732.4818,        400941.5599,        404153.7643,        407284.1323,         11047.2365,         13724.8179,         12625.7870,          9682.4043,         13789.3776,         10037.5307,         11961.5805,             0.0000,          6799.6079,          6065.8659,         11673.9866,          8265.2418,        118043.4492,         12453.3869,        822606.9157,         10955.7141,         11395.7208,          9411.3926,          2957.2365,          7507.7573,         12331.9621,         10634.4604,          9595.4027,             0.0000,          2820.4628,          6101.5527,          9193.6676,          7610.0753,             0.0000,        330396.1428,         11937.1875,         12339.3980,         10616.4686,         13689.8766,          8029.7664,          5885.2982,         11366.2370,        411317.8064,        406208.8475,        398399.5510,        401506.0567,        404653.7870,          7337.4353,         12008.8033,         12958.6373,          7279.4458,          6828.9179,          8550.2314,             0.0000,         12097.0407,          6280.9017,          6233.4669,         13763.2371,        125379.4976,         12330.3580,        814610.2906,          9607.9116,         12546.1001,          8038.9975,         11723.1763,          5186.0087,         12410.8571,         12719.7376,         13627.6791,             0.0000,         12462.7297,          9293.0801,         13656.6381,         13815.2461,             0.0000,        326537.4884,          2396.6368,         11920.8715,         13006.0921,          9634.2489,          7390.9900,          9841.8965,           535.9075,        408047.7032,        403022.0345,        395127.5714,        398188.6106,        401139.0550,          6541.9581,         11141.9180,          1424.0634,          8140.0094,          8117.6417,             0.0000,         11628.0522,         11792.0057,          7982.7223,         12011.3816,        128649.4901,          7240.1840,        809812.1581,          9681.4146,          9355.3965,          8838.0631,         13281.3798,         10717.3415,          7588.0741,         10266.8267,         11112.3178,             0.0000,         13619.6898,         12751.2003,         11384.1257,         12166.2671,             0.0000,        332361.6008,          5961.4186,          6797.7790,         10288.1713,          4101.4270,         10062.4744,         12606.6108,          6931.3361,        408943.3580,        403824.8997,        395949.0292,        399195.7172,        402079.1559,          7733.4023,          6817.7434,         10440.0305,          9654.9871,             0.0000,          9062.4509,         13736.5230,         11055.7303,          7568.4201,        126434.7260,          1719.2515,        811417.4749,         10152.4569,          5862.9705,         10128.0515,         11493.9440,         13288.3950,          2548.4843,          6912.9937,          6444.4739,             0.0000,         11207.8624,         13116.1504,          6792.1984,          7597.7774,             0.0000,        337368.6122,         10957.9876,          1543.6202,          6421.1710,          5029.2076,         11600.2202,         12424.9458,         11778.8649,        411453.9842,        406248.5627,        398424.5369,        401783.9815,        404734.1856,         10575.4226,         13687.9064,          7260.7126,             0.0000,         10444.0167,         12400.0138,          9399.4648,          3443.7179,        118801.6215,          6310.3849,        814653.6423,          6019.3572,          2683.3947,         13351.5145,         10125.8056,         13311.1253,          5608.2251,          1390.5562,          2590.4949,             0.0000,          8517.7759,          8411.6631,          2702.6752,          5415.5526,             0.0000,        338336.5148,         11933.7606,          6434.4188,          1581.1215,          8234.4298,         13488.0664,          7328.1682,         12871.8124,        417274.0218,        412109.3652,        404288.4922,        407542.3011,        410567.7084,          9095.2328,          6915.5323,             0.0000,         12280.9957,         11836.5535,          6911.9121,         11838.8430,        127795.7717,          7185.6384,        809366.2842,          8600.9540,          8738.1964,          9812.1568,         13614.1211,         10984.1192,          7386.5678,          9638.4138,         10847.6050,             0.0000,         13763.7717,         12207.7575,         11140.5889,         12233.0071,             0.0000,        332801.8365,          5524.1922,          6755.2898,          9759.2113,          3274.6334,         10809.7863,         12059.0533,          6836.7143,        410208.9589,        405100.1043,        397218.9511,        400452.2770,        403329.1383,         12644.0259,             0.0000,          7572.2230,          7660.7847,         11481.6710,         12831.3824,        127823.6999,         11482.0556,        817190.9981,         13314.9138,         13328.4607,          1520.4689,          8924.7559,          5714.5080,         11921.9263,         13613.2102,         13050.4402,             0.0000,         10510.7349,         12081.0038,         13001.1518,         11878.1043,             0.0000,        327154.3440,          8164.4016,         11123.7912,         13475.6417,         11043.6211,          2631.5842,         12229.1642,          6996.3390,        404059.4950,        398952.4329,        391104.2284,        394273.4901,        397284.8379,             0.0000,         13631.4717,         10847.7693,          2865.5749,          9978.8407,        121246.7023,          8744.7520,        811333.9998,          2082.6716,          6545.7294,         13138.7908,         13112.8839,         11395.6710,          8257.9572,          6637.3684,          9123.8801,             0.0000,         12363.4030,          7791.4654,          9329.3329,         11296.9618,             0.0000,        334174.2290,          6703.4444,          8513.7087,          7309.3730,          6008.0501,         13036.0541,          7556.4676,          8291.7637,        415936.7323,        410863.9914,        402982.0624,        406128.6948,        409057.2352,             0.0000,             0.0000,             0.0000,             0.0000,             0.0000,             0.0000,             0.0000,             0.0000,             0.0000,             0.0000,             0.0000,             0.0000,             0.0000,             0.0000,             0.0000,             0.0000,             0.0000,             0.0000,             0.0000,             0.0000,             0.0000,             0.0000,             0.0000,             0.0000,             0.0000,             0.0000,             0.0000,             0.0000,             0.0000,             0.0000,             0.0000,             0.0000,             0.0000,             0.0000,          9764.3745,         13793.9496,          7890.3514,        123604.9039,          9672.1761,        820236.0674,         13307.3036,         11007.1269,          6234.9987,          4086.3594,          9506.9753,          9986.3717,         10900.9007,          8828.6461,             0.0000,          5216.0396,         11379.5499,          8573.4103,          6083.3338,             0.0000,        332350.1510,         12766.6412,          9580.3069,         10442.0197,         12186.6636,          6680.9698,         10909.1401,         12264.8010,        407754.7365,        402565.7788,        394777.0508,        398035.6665,        401145.6223,          9149.2733,         12225.6560,        120945.1009,         13849.5744,        820506.0713,         10664.8358,         13243.0101,          7975.0593,          7504.1322,          2346.0019,         13824.1648,         12841.4720,         12897.0099,             0.0000,          8399.8640,          6272.0223,         12684.7248,         11909.3463,             0.0000,        326005.6669,          7953.2000,         13558.6539,         13050.7979,         13055.2152,          5936.0744,          6987.2317,          6751.3512,        408768.1210,        403732.9940,        395875.4808,        398893.6462,        401969.0973,         11628.1361,        121883.5414,         10505.8097,        812209.7974,          4116.3179,          8934.4374,         12222.5692,         13006.9007,          9556.0660,         10179.5524,          8975.9392,         11057.3093,             0.0000,         12645.1699,          7315.5497,         11186.6500,         12618.6581,             0.0000,        331328.6996,          4505.0852,         10196.3453,          9577.4058,          7338.6311,         11818.9394,          7513.3818,          5998.8214,        414127.8124,        409089.6505,        401194.7486,        404284.3586,        407213.4034,        119223.2654,          6616.7263,        816963.2397,          8885.3545,          5032.6873,         12134.3056,          7917.9396,         13018.9020,          6227.8081,          4332.8666,          1767.4470,             0.0000,          6269.5485,          9330.4062,          1251.0578,          2090.1712,             0.0000,        338037.6178,         13224.9412,          6789.6221,          3806.3256,          9856.6169,         12361.7827,          8241.5303,         13760.2389,        415414.2822,        410219.3419,        402423.3875,        405706.3141,        408779.2635,        125047.2494,        884675.3146,        119330.8851,        121129.1286,        127415.0196,        120106.0161,        123275.8569,        124332.7724,        119852.4404,        120091.7065,             0.0000,        118550.4472,        116588.9668,        119780.8854,        120114.9430,             0.0000,        374594.2282,        125413.4107,        125215.3770,        120198.9775,        126162.3222,        125729.7958,        116479.4453,        125618.9094,        507575.9131,        502840.8767,        495307.6970,        497343.8593,        501508.3034,        811309.1695,          9049.0525,          4253.8797,         11196.0320,         11622.6563,         13673.7794,           840.2182,          5376.5984,          5237.8332,             0.0000,         11019.1121,         12440.5454,          5657.2033,          7083.8963,             0.0000,        338231.0919,         11112.1347,           449.2298,          4890.3930,          4742.5030,         12417.1327,         11663.8180,         12097.2703,        413135.6594,        407934.3183,        400109.5383,        403459.9668,        406413.4611,        812756.4777,        812264.2783,        818008.3794,        822464.3352,        819630.5138,        811324.8098,        813322.0581,        815197.7030,             0.0000,        822018.9875,        819066.7826,        815717.2051,        818107.2485,             0.0000,        994791.0295,        812602.1982,        811288.5763,        813474.8354,        809009.7330,        819568.9882,        818829.2553,        814084.2004,        982184.3478,        978892.7611,        972842.9133,        978177.0879,        973455.5347,          6028.9381,         13633.0823,         12351.2185,         11596.1684,          8454.3001,          5704.2769,          8210.1355,             0.0000,         11318.0494,          6513.7972,          8345.3149,         10375.4035,             0.0000,        334792.7732,          8110.5085,          8892.7242,          6466.2558,          7341.6638,         13337.0216,          6099.5388,          9445.8587,        417079.8687,        412001.3399,        404130.4050,        407270.1522,        410232.8910,         13127.3755,         11498.7961,         13757.5625,          3445.1327,          1351.1415,          3451.5064,             0.0000,         10247.0052,          9972.2654,          3884.8956,          6636.4505,             0.0000,        338762.3414,         11183.5607,          4373.1623,          1361.0941,          5977.3310,         13649.6571,          9040.4582,         12357.7801,        416569.3556,        411397.8317,        403567.1450,        406855.1781,        409832.5766,          7924.5233,          6277.4948,         11657.0319,         13365.4574,         12478.9915,             0.0000,          9603.6778,         12163.2316,         12395.6185,         10985.2169,             0.0000,        327871.8815,          9282.9471,         10876.8048,         13151.0008,         11395.7839,          2394.0900,         12206.9633,          8218.0914,        404147.6587,        399021.3773,        391186.6507,        394377.3677,        397411.2639,          8153.1489,         11671.5679,         10956.4928,          9278.9246,             0.0000,          2227.9575,          8614.7350,          8887.5658,          6582.5347,             0.0000,        331006.7263,         12639.1869,         11526.7364,         10722.2008,         13523.8401,          7043.3923,          8259.8938,         12006.5026,        409551.6166,        404405.8149,        396611.1177,        399778.8935,        402928.1919,         13779.7302,         13572.9654,         13547.1066,             0.0000,          9430.7733,          8236.7338,         13386.2186,         12517.0902,             0.0000,        325255.7273,          7230.1951,         13339.9751,         13711.8510,         12668.5858,          4257.5408,          8847.2779,          5678.7415,        406808.4807,        401768.1906,        393906.0166,        396944.2392,        399996.4449,          4607.4730,          4732.7399,             0.0000,         10926.2185,         12040.0990,          5183.9760,          6932.6161,             0.0000,        338504.5684,         11126.4061,          1080.2548,          4144.8251,          4725.5235,         12749.0966,         11229.3085,         12179.0406,        413909.5253,        408712.4898,        400886.5181,        404228.4444,        407184.0729,          2997.8765,             0.0000,          9520.4924,          9112.0781,          3315.4326,          6165.7703,             0.0000,        338604.7143,         11488.7233,          5495.7694,           839.3004,          7078.1943,         13677.6784,          8108.3316,         12577.5013,        417131.6083,        411965.8178,        404138.4054,        407406.5873,        410405.4362,             0.0000,          7799.1391,          9898.4236,           521.8936,          3423.7741,             0.0000,        338772.7391,         12803.7829,          5453.3588,          2292.7041,          8543.8174,         12914.5259,          8826.8115,         13556.0375,        415817.7903,        410620.8626,        402816.8306,        406118.3444,        409158.2035,             0.0000,             0.0000,             0.0000,             0.0000,             0.0000,             0.0000,             0.0000,             0.0000,             0.0000,             0.0000,             0.0000,             0.0000,             0.0000,             0.0000,             0.0000,             0.0000,             0.0000,             0.0000,          7781.4758,          7351.6316,          5202.1726,             0.0000,        332746.5877,         13044.2300,         10985.1932,          9302.9665,         13187.2396,          8854.4005,          7177.4865,         12700.1065,        411741.5486,        406589.0604,        398797.2253,        401975.2202,        405124.7749,          9677.1554,         10016.6343,             0.0000,        330834.1862,          9412.7258,         12277.8043,          9576.0562,         11977.0157,         10836.3750,          1188.0261,          9499.5416,        414957.4923,        409905.9653,        402054.1659,        405098.5396,        408171.2771,          3023.5219,             0.0000,        338571.2531,         12912.7913,          5858.8142,          2679.1641,          8929.4106,         12763.9456,          8594.2101,         13605.3157,        415754.7009,        410558.7730,        402756.9537,        406052.2386,        409101.9164,             0.0000,        337207.1794,         13569.3585,          7225.0368,          5581.3817,         10612.0009,         11298.0449,          9028.7946,         13855.7510,        413665.2744,        408459.2650,        400673.1116,        403966.0591,        407058.6787,             0.0000,             0.0000,             0.0000,             0.0000,             0.0000,             0.0000,             0.0000,             0.0000,             0.0000,             0.0000,             0.0000,             0.0000,             0.0000,        328399.1257,        337827.2284,        338863.6312,        335838.5570,        326562.3537,        331944.7310,        326844.6857,        315977.4604,        317751.6296,        311447.8128,        304785.0894,        307560.9921,         10699.8054,         11838.2468,          7792.2156,          9051.8214,          9801.4825,          1930.7700,        409657.3380,        404622.3682,        396723.3759,        399814.1823,        402732.9188,          5054.8841,          4394.1900,         12103.5925,         11533.4382,         11682.7915,        412861.8265,        407665.8462,        399838.0964,        403181.0323,        406131.6060,          7169.2989,         13561.1244,          8555.0985,         12868.8850,        416769.8282,        411592.5728,        403771.0438,        407056.2232,        410059.9493,         12401.3066,         11537.4722,          9250.9782,        412823.3177,        407683.5173,        399817.7369,        403095.9116,        405984.9753,         11045.4162,          7708.5318,        404632.0780,        399533.4872,        391695.0970,        394827.4447,        397887.2758,         10012.3832,        415436.5168,        410367.9121,        402523.0162,        405594.6859,        408669.3092,        408196.3681,        403168.6477,        395272.5095,        398341.3693,        401282.3021,          8217.2971,         13601.0030,         11840.1200,         12161.8781,          8589.7789,         13706.5043,         15598.1367,         11009.3709,         13481.1248,          8589.7789,
   39600.000,      0.0000,             0.0000,             0.0000,             0.0000,             0.0000,             0.0000,             0.0000,             0.0000,             0.0000,             0.0000,             0.0000,             0.0000,             0.0000,             0.0000,             0.0000,             0.0000,             0.0000,             0.0000,             0.0000,             0.0000,             0.0000,             0.0000,             0.0000,             0.0000,             0.0000,             0.0000,             0.0000,             0.0000,             0.0000,             0.0000,             0.0000,             0.0000,             0.0000,             0.0000,             0.0000,             0.0000,             0.0000,             0.0000,             0.0000,             0.0000,             0.0000,             0.0000,             0.0000,             0.0000,          2455.8659,         13539.9617,         10059.7554,         10385.0585,          4712.0124,         10461.8901,          7999.8303,         10828.2320,             0.0000,          6817.0740,          8728.7247,         12179.1787,          1581.5095,        122603.7751,          6643.4410,        816239.4936,          9926.7256,         11280.1283,          7241.3048,          8110.5449,          9237.4602,         10860.1196,          5504.8129,          3013.7741,             0.0000,          7769.5731,          7262.3560,          2404.3176,          3652.3521,             0.0000,        334849.5569,         13258.7222,         11158.6733,         10501.3020,         13373.6902,          6909.7661,         10596.1687,         13799.3753,        413175.1082,        409731.2391,        400474.9654,        404105.7631,        405127.4744,         13512.3712,         11413.1212,         11811.7248,          6495.4717,         11807.1164,          8337.7952,         11854.5272,             0.0000,          5464.1951,          6987.9950,         12207.7856,          3558.1872,        122777.4941,          8506.0234,        813800.3134,         10864.3949,         11787.3927,          7868.4904,          5989.1460,          7976.6358,         11960.0076,          7327.9221,          4892.8748,             0.0000,          5827.1027,          6093.9086,          4293.3681,          3067.3888,             0.0000,        332658.2301,         13432.0915,         12075.2240,         10982.0585,         13754.0909,          6794.4911,          8962.4999,         13740.9528,        414373.2078,        410911.7416,        401644.7113,        405328.4288,        406356.1145,          7843.6322,          8932.9508,         13128.7471,          7577.4734,          9497.1503,          9426.7331,             0.0000,         11216.2695,         10407.9583,          8766.7339,         13656.2254,        120447.6306,         12105.4795,        813734.8155,         10756.7538,          9628.1605,         10035.2574,         11825.6098,          9439.8380,          9205.4134,         12794.3940,         13547.5800,             0.0000,         12418.4796,         12992.6345,         13600.5231,         13815.6733,             0.0000,        333518.8097,          5086.9280,          8556.0493,         10628.2967,          4672.1426,         10501.9873,          9531.7850,          1798.2906,        411066.2260,        407442.8991,        398196.7786,        401921.8029,        403254.7530,          4844.5633,          8997.8867,          1064.2903,          6842.8203,          7803.2059,             0.0000,         10946.6681,         12140.5610,         10974.3600,          9948.5711,        119214.1595,          7285.6530,        820029.8029,          9127.6285,          9903.9293,          6466.5089,         13464.3522,         10956.6245,          7265.3732,          8420.0091,          9587.2420,             0.0000,         13676.5916,         13285.3304,          9770.4145,         11959.8553,             0.0000,        339624.0035,          8876.8373,          7529.4153,         10460.2280,          7855.9735,          8448.9238,         13212.0333,          8585.8400,        410401.2250,        406881.8712,        397660.9229,        401213.9669,        402431.8745,          7262.7882,          3975.6365,         10518.6318,          3364.5985,             0.0000,         13019.6808,         13715.3385,          7813.9115,          9588.0201,        124004.4729,          4968.8793,        820930.2732,          4940.7953,          6018.4354,         10029.5747,         13683.9849,         13272.6358,          2758.9454,          6402.2526,          8622.3874,             0.0000,         13142.8840,         11727.3526,          9054.9530,         11076.2959,             0.0000,        337981.3805,          6972.0597,          3378.0477,          6622.3044,          6196.5067,         11510.7344,         13069.0099,          8667.8378,        406126.0364,        402610.9118,        393378.0639,        396971.3204,        398159.5657,          8961.4291,         10332.7190,          7242.5767,             0.0000,         10489.7587,         11773.9658,          9752.0539,          3246.7955,        125497.6545,          2566.5935,        819172.4606,          6099.2451,          8080.4853,          9501.1902,         10567.1553,         12203.5166,          7327.4702,           992.9569,          1805.2346,             0.0000,          9518.2873,          7525.9964,          2428.6495,          5115.5664,             0.0000,        335833.4239,         11348.5949,          7866.2128,          7219.2195,         11388.2812,         10052.9615,         11861.5009,         12953.8291,        408552.2379,        405107.2254,        395855.5516,        399470.2463,        400504.4905,          7732.8506,          6971.3794,             0.0000,         11552.0146,         12567.1413,         10282.2524,         10215.7890,        120060.8166,          7069.9647,        820237.0080,          8442.7796,          9153.9444,          7381.8839,         13672.0679,         11493.9131,          6407.2693,          8308.9462,          9726.6190,             0.0000,         13760.7596,         13203.2609,          9963.2313,         12097.6228,             0.0000,        339370.3776,          8144.8528,          6663.9740,          9798.0858,          7070.1714,          9257.9497,         13210.3181,          8137.7730,        409419.4373,        405894.5054,        396672.3405,        400233.9994,        401458.7005,         12382.7918,             0.0000,          5422.3992,          7422.1269,         13714.1235,          8979.8271,        116074.0011,         10307.7999,        815250.3756,         12850.9130,         13412.1362,          1155.1062,         10112.7867,          5731.9814,         12095.1764,         10422.3469,          9664.9000,             0.0000,         11244.5062,         12297.8130,          9395.0421,         10495.3077,             0.0000,        337148.5431,         12210.6522,         12139.8471,         13514.1610,         11790.7772,          2106.5165,         11069.3536,         10741.4599,        416631.0755,        413117.6851,        403882.0668,        407482.4010,        408660.0021,             0.0000,         13627.9034,         13778.3818,          5003.0387,          9822.1726,        126931.7671,          5552.6654,        819466.3916,          2137.6011,          2815.8597,         11983.5867,         12889.2071,         13845.4679,           645.3085,          6511.3625,          8738.6848,             0.0000,         11931.7292,         10064.5679,          9202.8127,         10371.9480,             0.0000,        335189.1959,          5747.9422,           965.9455,          3519.0609,          5622.9521,         12957.2008,         11902.8575,          8561.7264,        404525.4113,        400997.3387,        391748.1476,        395411.1997,        396587.4354,             0.0000,             0.0000,             0.0000,             0.0000,             0.0000,             0.0000,             0.0000,             0.0000,             0.0000,             0.0000,             0.0000,             0.0000,             0.0000,             0.0000,             0.0000,             0.0000,             0.0000,             0.0000,             0.0000,             0.0000,             0.0000,             0.0000,             0.0000,             0.0000,             0.0000,             0.0000,             0.0000,             0.0000,             0.0000,             0.0000,             0.0000,             0.0000,             0.0000,             0.0000,          2966.0573,         13369.9969,          8137.9410,        118655.2969,         11581.7664,        811097.9406,         13368.0297,         13619.0895,          5749.9967,          5551.7722,          2910.8353,         13593.7311,         10998.8927,          9282.7638,             0.0000,          7151.5936,          9205.9354,          8792.2926,          7973.2317,             0.0000,        332363.8880,         13109.6135,         13463.5074,         13332.5045,         13303.6710,          3516.4845,          7722.7708,         11985.8905,        417823.7613,        414307.4250,        405044.3799,        408749.2487,        409874.6903,         12454.9486,          9796.1792,        119866.9867,         12812.2040,        808877.2182,         13508.8020,         13241.6232,          7971.3522,          3933.1130,          2319.9130,         13824.6520,         12250.8311,         10772.7831,             0.0000,          5983.1308,          8657.6326,         10340.4570,          8747.8316,             0.0000,        329802.2568,         12250.7283,         13491.7013,         13035.0863,         12697.0179,          5955.0804,          5320.9945,         10972.9390,        417490.3406,        413938.6677,        404664.6720,        408437.6751,        409597.0972,         11437.3836,        128594.9704,          9194.6623,        814934.6791,          4851.6549,          2515.6199,         13645.2588,         10898.3196,         13047.1760,          5470.3857,          9453.0300,         10731.0756,             0.0000,          9830.5452,          8353.1737,         11006.1079,         10495.7086,             0.0000,        330341.7564,          4239.7367,          4638.6872,          3226.2537,          5383.2801,         13844.4910,          8847.4167,          7322.4624,        405189.4499,        401612.4661,        392340.0438,        396128.0039,        397334.1374,        123845.8581,          5427.3153,        817164.1626,          8764.6962,         10310.5309,          8173.2270,          8781.9914,         10364.0155,          9889.7140,          4120.3526,          1473.7465,             0.0000,          8080.2141,          6924.2366,           841.9315,          3334.5983,             0.0000,        335001.0523,         12818.1995,         10257.9530,          9443.0099,         12944.1215,          8132.1993,         10969.0088,         13750.8557,        411621.9819,        408182.4896,        398926.3562,        402554.1035,        403569.1620,        125052.7933,        821902.7209,        128137.7136,        128550.3401,        116531.9456,        123693.3567,        117921.8113,        126412.5231,        125486.0777,        124702.1664,             0.0000,        125668.9445,        127782.5276,        124385.4511,        125697.7335,             0.0000,        408678.3955,        125298.3520,        126492.7803,        129079.1090,        124380.8707,        116776.3335,        124425.9515,        122215.9927,        511052.5036,        507486.8763,        498661.0122,        501153.3687,        503071.9333,        820662.8567,          5006.7853,          7187.7639,          9483.4542,         12053.6900,         12883.9799,          5474.5690,          1598.8983,          4152.0054,             0.0000,         11156.3860,          9248.2845,          4715.3831,          7413.0773,             0.0000,        337307.7180,         10189.5234,          6200.8582,          6701.9825,          9966.6875,         10546.2812,         12733.1801,         11921.9075,        407329.2149,        403871.5998,        394629.4373,        398216.6879,        399291.7944,        818919.8747,        817247.0771,        816138.3544,        808752.9147,        809810.3666,        819779.5956,        819810.8222,        818147.2584,             0.0000,        809666.1961,        812078.5296,        817692.8346,        814445.1170,             0.0000,        556308.3752,        815266.0064,        818972.8266,        817110.8470,        816326.7053,        813962.8767,        808133.8454,        813679.1363,       1090284.3349,       1085089.4706,       1076779.2203,       1085977.7166,       1088238.9426,          2447.7764,         12383.7342,         12072.9580,         13902.0904,          2684.8913,          5512.2020,          7609.1477,             0.0000,         10821.6887,          8551.2594,          8091.6075,          8954.8958,             0.0000,        334108.7862,          6977.8876,          2892.5926,          2112.5414,          7204.4152,         13098.7898,         11428.4952,          9850.9897,        404493.5898,        400981.8719,        391724.5654,        395406.4365,        396539.2769,         13144.2110,         11755.7494,         13700.4077,          3403.3134,          7619.1047,          9357.1700,             0.0000,         10567.4532,          8598.7783,          9745.6674,          9932.2322,             0.0000,        332398.7915,          5205.8672,          2832.2112,          1469.8240,          5801.6559,         13659.7179,         10381.1444,          8415.2737,        404379.7375,        400833.4410,        391569.4300,        395301.9543,        396476.7670,         10320.0087,          6513.0984,         11689.8640,          9587.5420,          8827.4836,             0.0000,         11271.7534,         12070.6842,          8571.7922,          9978.5299,             0.0000,        337696.5536,         12350.1941,         11821.5119,         13177.9588,         11906.4024,          2376.6602,         11471.1049,         11180.6430,        416074.5449,        412575.7398,        403341.8418,        406925.5152,        408083.0591,          6120.1507,         13111.5626,         11179.4402,          9611.1259,             0.0000,          2206.8539,          5311.2147,          9212.4588,          6516.1440,             0.0000,        327734.3600,         12031.0661,         12763.3652,         11214.8820,         12809.9130,          8603.4783,          3770.3332,         11809.6120,        415104.1437,        411566.0099,        402278.7420,        406095.0880,        407204.3013,         13785.2894,         12556.5580,         11296.1801,             0.0000,          8011.6857,         10351.2370,         10896.5374,         10013.7032,             0.0000,        331570.0682,         12118.0576,         13483.5011,         13682.8077,         12318.7040,          4596.3877,          6886.9523,         10351.5213,        418061.4200,        414504.6100,        405241.1925,        408977.0346,        410167.0486,          6555.0389,          8819.2825,             0.0000,         12239.8939,         10467.4789,          9281.9905,         10615.8245,             0.0000,        335730.6590,          5766.7048,           985.8776,          4141.2121,          5479.5044,         12762.5072,         12146.3805,          8424.7015,        404709.1926,        401181.4634,        391935.5917,        395586.0168,        396768.4842,          2724.7144,             0.0000,         10160.2573,          8145.5616,          3334.0716,          6011.3140,             0.0000,        336374.7163,         10893.9397,          7166.7481,          6864.6664,         10848.6204,         10339.4966,         12219.5901,         12595.7753,        407933.1924,        404484.2692,        395235.9421,        398840.5518,        399888.3999,             0.0000,          8701.1353,          7072.8016,           637.7815,          3916.7799,             0.0000,        335391.3558,         12261.7096,          9265.5555,          8461.9135,         12357.1919,          9075.2594,         11421.9918,         13516.2690,        410189.6539,        406750.6519,        397496.3645,        401116.9463,        402135.3843,             0.0000,             0.0000,             0.0000,             0.0000,             0.0000,             0.0000,             0.0000,             0.0000,             0.0000,             0.0000,             0.0000,             0.0000,             0.0000,             0.0000,             0.0000,             0.0000,             0.0000,             0.0000,          3222.7649,          8373.5496,          5283.0699,             0.0000,        327485.5552,         11700.3697,         11921.6477,          9827.0495,         12582.6832,          9848.1524,          4362.0579,         12131.8886,        413228.3137,        409701.8759,        400411.6178,        404232.1688,        405316.1435,          6923.8243,          3922.0286,             0.0000,        328451.9612,         11103.3207,         10263.7323,          7549.1137,         11990.6061,         11174.7144,          6505.1615,         12432.3250,        410348.8635,        406843.7056,        397555.8400,        401352.4948,        402407.5662,          3552.5032,             0.0000,        335169.2537,         12493.5850,          9690.5606,          8853.7703,         12609.8455,          8689.6432,         11188.9261,         13617.4455,        410790.7948,        407351.6270,        398096.2245,        401721.0947,        402737.3298,             0.0000,        331678.7089,         12585.7158,         10735.3551,          8872.4064,         13080.4862,          9278.4092,          8894.8749,         13653.0331,        411603.5668,        408142.9536,        398869.6181,        402578.2012,        403591.4168,             0.0000,             0.0000,             0.0000,             0.0000,             0.0000,             0.0000,             0.0000,             0.0000,             0.0000,             0.0000,             0.0000,             0.0000,             0.0000,        332335.6917,        334969.2355,        332022.5679,        333737.6446,        335735.4659,        326714.3392,        332562.0749,        544120.5943,        539608.7960,        531072.7840,        540054.6026,        541059.1665,          4833.9166,          6468.2607,          1466.6804,         12878.1356,          9574.1479,          3535.9139,        406640.2163,        403033.5955,        393776.8037,        397528.2989,        398814.0581,          3839.3000,          4659.5777,         12783.0718,         11547.5840,          7649.1537,        404842.9695,        401301.9057,        392052.8656,        395724.8826,        396922.3309,          7114.7744,         13568.5401,         10206.7064,          9499.5886,        404554.4570,        401024.0163,        391756.2959,        395491.5188,        396632.7911,         12680.4042,         10557.6757,          3416.2264,        406684.5358,        403082.1053,        393833.2400,        397551.9220,        398847.3193,         10134.3085,         11583.8478,        417365.8243,        413860.5554,        404615.8195,        408243.7213,        409389.4112,          9202.8236,        413460.3731,        409874.1856,        400585.6204,        404443.0582,        405627.2328,        409612.9123,        405984.8202,        396733.0885,        400482.9104,        401812.2534,          6914.7263,         14449.5497,         10804.9068,         11594.0853,          9500.3874,          9877.1781,         14918.4861,         10616.0743,         15718.5357,          9500.3874,
   43200.000,      0.0000,             0.0000,             0.0000,             0.0000,             0.0000,             0.0000,             0.0000,             0.0000,             0.0000,             0.0000,             0.0000,             0.0000,             0.0000,             0.0000,             0.0000,             0.0000,             0.0000,             0.0000,             0.0000,             0.0000,             0.0000,             0.0000,             0.0000,             0.0000,             0.0000,             0.0000,             0.0000,             0.0000,             0.0000,             0.0000,             0.0000,             0.0000,             0.0000,             0.0000,             0.0000,             0.0000,             0.0000,             0.0000,             0.0000,             0.0000,             0.0000,             0.0000,             0.0000,             0.0000,          1432.9504,         11490.5670,          9390.9647,         13423.6037,          5100.0569,          9428.4197,          6774.1332,         10184.9966,             0.0000,          7718.2249,          2500.2299,         12154.9100,          3860.3464,        128154.5648,         10431.8445,        812652.4745,          9723.2443,         13208.7902,          7586.7225,          9723.8584,          3532.8410,         13624.1209,          6054.8418,          5555.7434,             0.0000,          9900.5414,          6080.3560,          4932.6441,          8339.6514,             0.0000,        337405.7362,         12502.1441,         13216.4505,         13003.9273,         13790.8807,          5609.3770,          5654.7756,         12723.4153,        404311.0800,        402845.4699,        393655.9472,        398485.6824,        396984.0124,         11049.6620,          8281.7341,         12976.6631,          4698.2224,          8321.8021,          5862.0285,          9254.2797,             0.0000,          8787.0649,          3630.8929,         11715.7745,          4399.5864,        127828.2787,          9909.4454,        811751.7322,          8860.6571,         13326.1106,          6663.1618,         10687.4187,          4057.0352,         13422.2516,          5527.2406,          5664.7887,             0.0000,         10815.1909,          6089.1523,          5261.1210,          8991.3483,             0.0000,        337509.2906,         11867.5146,         13261.0845,         13122.8938,         13848.0944,          4786.4157,          6831.0053,         12302.3579,        405273.7417,        403803.5208,        394596.0524,        399445.3620,        397967.3060,          7060.5059,          6836.2811,         12588.4077,          7244.1754,          6593.4346,          9280.5097,             0.0000,         10984.0049,         11023.4809,         10513.4998,         13145.3891,        123765.4490,         11577.3203,        816459.5986,         10382.8319,         10829.3336,          5852.9958,         11917.2911,          9785.7252,          8878.7712,         12470.0418,         13328.2071,             0.0000,         12519.6874,         13278.3751,         13333.6392,         13819.0133,             0.0000,        334614.0201,          6958.9986,          9942.3640,         11262.4409,          8739.5678,          7489.1248,         11193.7969,          2675.8140,        413173.4669,        411801.5620,        402654.7364,        407476.7707,        405804.7590,          7526.9454,          8277.1790,           293.6971,          5266.3056,          3688.7340,             0.0000,         13133.3818,         10543.3953,          7818.6914,         10323.4954,        122596.0146,          7344.9249,        809696.9463,          4845.4781,         11435.5453,          4631.1237,         13860.8823,          9848.3032,          9481.6665,          7787.6591,          9784.7853,             0.0000,         13814.3968,          9562.6858,         10189.0120,         12333.0753,             0.0000,        334189.7337,          5683.7677,         10844.4468,         11432.3539,         11117.0575,          6241.3232,         12252.0476,          7386.2748,        413384.0632,        411926.6213,        402703.7761,        407577.1674,        406094.2128,         11888.6184,          7446.6930,         10664.7931,          6689.8725,             0.0000,         13023.1577,         13699.0334,          5110.0652,         13109.8938,        117343.4850,          7552.2262,        812575.2836,          7577.8127,          6136.5637,          9954.0723,         12059.8075,         13336.8303,          2953.0871,         11287.1003,         12265.0307,             0.0000,         11817.1348,         11898.4307,         12662.6374,         11920.4547,             0.0000,        328214.5914,          2158.9066,          5155.7606,          6506.3812,          4845.2308,         11455.5250,         13299.3362,          4497.1933,        416778.8419,        415353.0075,        406239.6346,        410994.8815,        409360.8084,          8152.2857,          8797.6885,          7232.3038,             0.0000,         10575.5327,          7214.6451,          8883.5177,          3067.1040,        123864.9842,          6375.7449,        808556.0341,          6146.8440,         11337.2079,          9197.5138,         10946.5817,          8195.3547,         11739.2573,          1115.0876,          2019.6896,             0.0000,         10381.5666,          2026.1959,          2556.1342,          6591.9449,             0.0000,        333478.3476,         10620.9441,         11502.7050,         10902.8453,         12802.9235,          8274.2711,          8937.6457,         12898.5023,        407491.1140,        405976.6191,        396784.5201,        401594.4138,        400161.1555,          5498.7636,          3403.0719,             0.0000,         13192.3605,         10621.3185,          7591.1228,         10251.8983,        122369.1347,          7087.3762,        809492.4581,          4567.6956,         11306.1546,          4886.1239,         13855.0034,          9975.3093,          9360.7642,          7630.6466,          9656.0548,             0.0000,         13774.4282,          9416.9569,         10084.0982,         12209.7440,             0.0000,        333955.0165,          5564.1751,         10727.6542,         11288.6782,         11053.3383,          6440.4149,         12307.0578,          7482.4912,        413473.9063,        412013.4468,        402791.4054,        407662.3790,        406182.6643,          8305.9264,             0.0000,         10544.4408,          7145.5540,         11594.0533,          9532.0168,        127398.2762,         10888.8750,        813312.7360,          8923.5514,         13494.1970,          1012.9438,         12579.1348,          5744.4252,         12288.3875,          8986.7575,         10128.2450,             0.0000,         13060.7793,         10261.9893,         10036.7513,         12637.6300,             0.0000,        338308.3190,          9551.4986,         12970.6184,         13572.9817,         12788.7441,          1374.9500,          9454.8400,          8507.6619,        409046.1216,        407624.4825,        398402.5727,        403292.3271,        401762.0423,             0.0000,         13646.7690,         11623.9789,          4787.3687,          9681.3583,        119668.5111,          3977.0722,        807789.3035,          1534.1357,          9515.7698,          7863.7089,         13489.1774,         11513.4961,          7834.9025,          6360.0382,          8436.0051,             0.0000,         13019.6549,          7990.6784,          9113.1438,         10651.8298,             0.0000,        330972.3429,          4683.0181,          9122.1055,          9326.5181,         10077.2701,          8934.7357,         12825.2688,          8650.1941,        414337.6200,        412848.2965,        403648.6604,        408478.7500,        407015.8272,             0.0000,             0.0000,             0.0000,             0.0000,             0.0000,             0.0000,             0.0000,             0.0000,             0.0000,             0.0000,             0.0000,             0.0000,             0.0000,             0.0000,             0.0000,             0.0000,             0.0000,             0.0000,             0.0000,             0.0000,             0.0000,             0.0000,             0.0000,             0.0000,             0.0000,             0.0000,             0.0000,             0.0000,             0.0000,             0.0000,             0.0000,             0.0000,             0.0000,             0.0000,          5735.8607,         13260.8042,          8394.8359,        127138.7596,         13046.1111,        819018.3437,         13453.4295,         10972.9725,         10973.6940,          3628.0125,          6322.8623,         12360.0044,         11231.0797,          9778.0072,             0.0000,          4935.7817,         10158.4434,          9057.6755,          8110.2606,             0.0000,        334860.3948,         13362.4486,         11047.7740,         11056.3244,         10853.7121,          9755.5941,          2197.4508,         11793.8219,        404078.6713,        402681.8296,        393614.7631,        398329.1104,        396615.9672,         13122.2503,          5390.5774,        129061.8877,         11854.9928,        815145.6424,         11331.4988,         13231.9880,          7956.7017,          8398.4251,          1948.1729,         13818.7327,          8121.8420,          7260.8521,             0.0000,          8941.3896,          7794.5240,          6501.8795,          8746.2387,             0.0000,        337915.6556,         13121.6104,         13210.1457,         13134.2130,         13461.1193,          5912.6106,          3685.4396,         12441.9606,        403442.0563,        402005.1264,        392842.5708,        397653.1977,        396086.5805,         10549.5741,        116357.4562,          3003.4491,        808919.1435,          4597.4994,          5505.7067,         11172.2454,         11847.9496,         13396.4674,          4377.7968,          8037.3195,          9040.5555,             0.0000,         11023.4975,          8491.2472,          9708.7895,          9027.4623,             0.0000,        326854.3347,          4404.0276,          5316.3438,          5208.0923,          6939.1900,         12044.8534,         13016.3893,          8904.4225,        415366.5713,        413879.9817,        404752.9245,        409496.4044,        407958.8506,        125385.5103,          8480.0660,        810829.7220,          8727.2618,         11562.6740,         10105.8942,          8981.8689,          6930.8719,         12603.7108,          4059.2973,          2147.3565,             0.0000,          8527.3109,          2808.5329,          1241.1755,          5222.6623,             0.0000,        334143.1254,         12246.2832,         11849.1652,         11162.6361,         12994.9656,          8675.4035,          6614.9615,         13658.0412,        405056.6195,        403557.5912,        394395.6977,        399176.3391,        397693.1697,        117958.8857,        772534.4541,        119581.4371,        116407.8352,        126703.1883,        123939.0633,        129570.0084,        116180.6654,        122899.8683,        123450.8123,             0.0000,        122749.2365,        122817.5157,        124216.9589,        121613.7498,             0.0000,        219047.2867,        117963.1343,        116579.6179,        116322.9676,        117305.5546,        128150.5398,        127792.3454,        121121.1695,        512372.3283,        510538.8213,        502093.2490,        505906.1196,        504288.9848,        807424.3192,          2858.8453,          7510.5037,         10667.2044,         12020.6310,         12351.1538,          7105.8680,          5402.6726,          6708.6208,             0.0000,         11126.6123,          6094.1707,          7527.3412,          7916.3501,             0.0000,        328339.6863,          6304.4808,          7557.2290,          7038.9125,          9275.7215,         11132.4889,         12329.9294,         10566.3059,        413449.6973,        411938.1898,        402781.2756,        407549.4879,        406075.8245,        807192.3827,        813499.1113,        813225.8162,        818312.0887,        815769.4531,        812783.5128,        807912.1255,        809258.9603,             0.0000,        817059.0560,        808870.8178,        810035.0128,        812023.5015,             0.0000,        798525.1743,        810938.7636,        813730.0014,        812909.3236,        815591.0748,        813586.7629,        817399.1402,        815690.4602,       1020945.9238,       1016178.3963,       1007084.2391,       1012228.0529,       1019389.9199,          9389.8182,          8633.4563,         13153.4219,         11471.6657,          8203.9107,          5173.8326,          7270.2573,             0.0000,         12547.0809,          6769.4353,          8032.8252,          9656.2810,             0.0000,        330591.9274,          5748.4785,          9166.8687,          9083.3831,         10407.5101,          9347.8865,         12521.0939,          9777.8269,        413552.5237,        412048.8039,        402852.6887,        407671.9050,        406225.5720,         13174.8259,          8480.6314,         13656.0051,          3342.4090,         10920.2591,         10665.0319,             0.0000,          7642.6495,         10321.7153,         10935.7206,          8073.9237,             0.0000,        325496.2772,          7257.4663,          1080.6064,           777.0306,          3164.1448,         13704.1018,         11599.1763,          9037.6562,        413901.3683,        412456.3874,        403414.6244,        408075.1098,        406399.7699,         12821.3531,          6583.1766,         11749.2121,          9275.5451,         10540.8407,             0.0000,         13278.3893,         10616.8073,         10517.5050,         12920.2618,             0.0000,        337789.1342,          8829.0826,         12588.3831,         13285.6791,         12336.2450,          2366.0389,         10028.9833,          7722.4589,        410029.9260,        408611.2472,        399391.3677,        404279.9835,        402743.3864,          9253.0825,         10628.9300,         11378.0612,          9731.3163,             0.0000,          1613.5664,          9944.2874,          9196.6412,          6440.9377,             0.0000,        331271.5757,         12726.1673,          8800.9680,          8526.0777,          8889.6254,         12011.2134,          5029.5000,         11912.4378,        405829.0838,        404418.1229,        395391.2836,        400050.5278,        398317.5937,         13831.9337,          8978.8038,          8587.0421,             0.0000,          9976.0311,          9046.5138,          7953.6236,         10204.5474,             0.0000,        338840.1886,         12747.0553,         13480.9399,         13648.2567,         13466.5221,          4494.9405,          4674.5904,         11517.0195,        404148.7322,        402728.8250,        393554.8106,        398387.4243,        396808.9871,         11163.7862,         11638.5025,             0.0000,         10108.7291,         11245.7112,         12023.0868,         10288.7885,             0.0000,        326304.3401,          4385.5648,          2407.4573,          3743.8373,          2947.3219,         12819.6324,         12824.2998,          6668.5628,        416043.8675,        414607.4917,        405531.1195,        410236.9175,        408581.8797,          2582.8239,             0.0000,         10736.4477,          2279.9212,          3350.8949,          6831.2705,             0.0000,        332727.8906,          9932.3073,         11066.6932,         10466.9913,         12452.5128,          8625.6614,          9717.0359,         12598.9199,        408555.1731,        407036.3429,        397842.7991,        402652.3699,        401226.1511,             0.0000,          8995.3111,           679.7160,           984.7265,          4784.0650,             0.0000,        332467.3922,         11284.0622,         10999.1549,         10174.2857,         12427.3252,          9512.6707,          8253.7781,         13479.3484,        406758.5337,        405243.3648,        396080.4184,        400854.7920,        399394.3846,             0.0000,             0.0000,             0.0000,             0.0000,             0.0000,             0.0000,             0.0000,             0.0000,             0.0000,             0.0000,             0.0000,             0.0000,             0.0000,             0.0000,             0.0000,             0.0000,             0.0000,             0.0000,          9144.5481,          8546.3377,          5176.9926,             0.0000,        330068.1765,         12431.3156,          8129.4969,          7570.4938,          8602.2225,         12525.9377,          5882.2732,         12266.3472,        406363.9414,        404934.9231,        395909.0439,        400558.6114,        398849.1238,          1641.3297,          4796.3888,             0.0000,        331940.6180,         10887.5827,         10659.6507,          9809.5289,         12161.4106,          9729.0996,          8718.2847,         13312.8832,        407386.0825,        405867.8692,        396705.2764,        401477.7825,        400021.0415,          4620.3406,             0.0000,        333035.3419,         11771.2323,         11273.5724,         10477.3713,         12596.1831,          9311.5072,          7453.6165,         13616.3800,        405929.6672,        404421.3436,        395263.1304,        400034.9852,        398560.7964,             0.0000,        329543.9301,         11756.2813,          8741.0512,          7562.3549,         10244.7350,         12077.1635,          7528.9480,         13474.5346,        406852.5755,        405359.9999,        396277.8567,        400965.3314,        399396.1885,             0.0000,             0.0000,             0.0000,             0.0000,             0.0000,             0.0000,             0.0000,             0.0000,             0.0000,             0.0000,             0.0000,             0.0000,             0.0000,        329179.2567,        325931.6734,        325374.4866,        326702.5052,        338743.8361,        335807.1970,        331985.3751,        661198.6337,        659096.0072,        652778.3739,        654324.4922,        651949.5008,          6440.0088,          7432.1247,          6623.8320,         10404.1067,         13283.2406,          5159.5809,        416479.4481,        415035.5883,        405889.1426,        410675.8565,        409098.2942,          1736.9118,          2283.4191,         13268.4278,         11692.4025,          8043.8338,        414395.2808,        412958.4098,        403909.3324,        408582.3062,        406902.6081,          3916.9218,         13745.2632,         11573.1930,          9535.4710,        413675.7082,        412221.2974,        403175.7561,        407836.4049,        406177.6353,         13169.8966,         11781.4572,          6742.3851,        414676.0195,        413267.6452,        404227.3403,        408903.1800,        407176.4072,          8487.9918,          9408.0802,        407728.3319,        406303.5582,        397084.9465,        401969.2721,        400440.3239,         12196.6211,        403499.6186,        402082.4765,        392982.5405,        397726.8366,        396072.7193,        415060.0469,        413678.7475,        404553.5616,        409344.5954,        407663.0946,          5457.1587,         14530.1761,          9319.7575,         10745.4160,         11361.4447,          4948.5634,         12166.2377,          8936.8782,         17148.0703,         11361.4447,
   46800.000,      0.0000,             0.0000,             0.0000,             0.0000,             0.0000,             0.0000,             0.0000,             0.0000,             0.0000,             0.0000,             0.0000,             0.0000,             0.0000,             0.0000,             0.0000,             0.0000,             0.0000,             0.0000,             0.0000,             0.0000,             0.0000,             0.0000,             0.0000,             0.0000,             0.0000,             0.0000,             0.0000,             0.0000,             0.0000,             0.0000,             0.0000,             0.0000,             0.0000,             0.0000,             0.0000,             0.0000,             0.0000,             0.0000,             0.0000,             0.0000,             0.0000,             0.0000,             0.0000,             0.0000,          4365.1962,         11314.7659,         12951.3556,         13207.8271,          6440.7671,         12633.1543,         10965.5269,         10643.1934,             0.0000,          7573.8368,          5815.3669,         12115.7306,          5298.6644,        116077.3786,         12399.0271,        812661.7705,         10047.1765,         10603.5286,         11320.2439,          7012.4070,          6761.8719,         12262.8829,          7775.3910,          7389.8277,             0.0000,          6551.3265,          6617.9965,          6532.8141,          8059.9609,             0.0000,        339161.2215,         12062.4978,         10036.4734,         10509.2703,         12651.8909,          9951.1814,          4603.1029,         12326.3220,        413452.7175,        410712.4883,        406684.1195,        412908.8190,        407881.8270,          8232.4386,         11397.7871,         13645.5561,          8652.4104,         11211.7600,          7762.7410,          9623.5156,             0.0000,          9480.8544,          1979.5129,         11196.1375,          8694.2836,        116341.2439,         13388.5336,        810248.7269,          9225.0283,         12861.2690,          8495.7253,          9134.7023,          2651.5443,         13625.7615,          9584.8716,         10106.7515,             0.0000,          9313.5395,          6071.8167,          9635.9421,         11196.0505,             0.0000,        337228.9987,         10345.5878,         12369.5605,         12822.5947,         13790.2582,          6554.8143,           911.9720,          9716.4275,        410918.7188,        408159.5643,        404218.6885,        410393.7741,        405278.5341,          6327.4391,         10492.0373,         12475.7472,          6874.0961,           849.6610,          8441.6515,             0.0000,         11849.2569,          7226.3364,          8279.7699,         13250.9741,        123486.3292,         11785.3617,        810399.0072,          8941.3110,         13379.2677,          2075.6159,         12014.3367,          6174.2469,         12191.9395,         12377.8780,         13305.3906,             0.0000,         12678.1234,          9647.8498,         13412.5047,         13830.7564,             0.0000,        329101.2472,          6116.4455,         13234.2289,         13437.7387,         11927.7570,          2413.4731,          7869.2708,          1938.9540,        403031.6918,        400296.0994,        396395.0541,        402537.7129,        397396.6079,          8619.9225,         10732.3893,          1059.6728,          7094.8917,          4863.0878,             0.0000,         13497.8101,         10172.7514,          2932.7298,         12278.5745,        126350.9367,          7396.5329,        816610.0407,          5798.4971,         10952.1060,          7609.3968,         13680.1671,          9817.7934,          9720.6169,          9860.6096,         11156.9191,             0.0000,         13753.4916,          9122.7654,         11808.7547,         12532.8253,             0.0000,        327154.8169,          1668.3785,         10744.4054,         11177.9416,          8754.8983,          8327.4197,         10705.2925,          5373.6121,        403272.3024,        400611.1759,        396710.5831,        402831.5230,        397716.7087,         12065.2585,          9091.9053,         10791.1892,         11222.2507,             0.0000,          8993.5221,         13675.0824,          9526.3651,         11715.4941,        129282.4258,          5903.8239,        816734.2640,         11673.5415,          6252.1423,          9868.0977,          9493.1741,         13447.6002,          3132.6540,         11504.7159,         10883.4991,             0.0000,          9670.9620,         13335.8943,         11090.2483,          8817.9162,             0.0000,        327091.2609,          9700.0221,          6838.4037,          6276.4322,          3329.1554,         11386.6954,         13402.9073,          9181.2028,        402715.7756,        400050.0819,        395906.2078,        402180.2376,        397295.2047,         10025.3668,         12573.1733,          7213.7948,             0.0000,         10615.8487,          8646.7471,          8645.9929,          2875.6194,        118917.7126,          8452.5191,        818751.8155,          6440.9656,          8034.6793,         13154.0962,         10262.4527,          9636.2777,         10299.3633,          1552.8825,          2380.5681,             0.0000,          9228.9132,          4836.9109,          2722.7123,          6568.9906,             0.0000,        337032.2353,          9838.6652,          7137.9944,          8162.8862,         10082.2600,         12331.9425,          8144.5177,         12882.0475,        413485.5813,        410818.2361,        406821.9381,        413005.6660,        407974.3219,          7607.7256,          3889.8881,             0.0000,         13656.6709,          9936.0603,          1927.9725,         11750.8979,        125751.0402,          7159.6341,        817221.5600,          4846.5454,         10803.6309,          8259.6171,         13792.0131,          9702.1500,          9867.7623,          9097.9428,         10545.7991,             0.0000,         13757.9973,          8410.3709,         11256.5248,         12276.8601,             0.0000,        327839.7220,          1164.2733,         10514.5970,         11047.8940,          8857.2713,          8731.9271,         10471.5311,          6149.4079,        404175.4386,        401519.5135,        397628.1883,        403741.8915,        398619.8581,          8949.4863,             0.0000,         11519.5430,          6870.9222,          8931.8895,         13217.4025,        122950.8960,         12249.0881,        809727.1668,          9379.7218,         13565.9262,          1726.8849,         11669.8500,          5752.3084,         12456.4139,         12578.2084,         13427.6137,             0.0000,         12393.7102,          9721.7795,         13459.5197,         13839.2861,             0.0000,        329648.5916,          6828.5313,         13421.2260,         13602.8333,         12281.8278,          1604.3683,          7474.8513,          2595.9447,        403324.7677,        400580.1388,        396672.6537,        402821.9347,        397683.6456,             0.0000,         13664.7230,          8263.1483,          2618.9758,          9524.1560,        122417.2740,          7855.5396,        817973.5834,           996.3896,         10797.1262,          9978.9073,         13602.2592,          8510.0408,         11042.8510,          6349.2477,          8385.2531,             0.0000,         13260.1158,          5130.0704,          9149.2399,         11381.1515,             0.0000,        331378.5874,          3498.1497,         10208.3027,         11047.1050,         10152.3911,          9542.3122,          8763.2295,          8541.5578,        407955.1625,        405298.4502,        401431.4670,        407530.5438,        402383.5117,             0.0000,             0.0000,             0.0000,             0.0000,             0.0000,             0.0000,             0.0000,             0.0000,             0.0000,             0.0000,             0.0000,             0.0000,             0.0000,             0.0000,             0.0000,             0.0000,             0.0000,             0.0000,             0.0000,             0.0000,             0.0000,             0.0000,             0.0000,             0.0000,             0.0000,             0.0000,             0.0000,             0.0000,             0.0000,             0.0000,             0.0000,             0.0000,             0.0000,             0.0000,         10805.9396,         13692.4834,          8575.5345,        121934.8627,         11294.6985,        812020.3235,         13531.5183,          8031.4432,         10727.9471,           704.7867,         10923.7614,          8484.1343,         11271.5456,          9806.2584,             0.0000,          2039.9258,         12147.0322,          9002.4085,          6538.8681,             0.0000,        335096.6369,         13532.6324,          8174.9494,          7732.9808,          9600.0203,         10819.8577,          9821.8090,         11951.3905,        408854.3744,        406113.8089,        401920.6115,        408247.4598,        403379.9633,          9966.8759,          9305.7377,        116902.7202,         13041.9784,        810843.5488,          7913.5445,         13229.7922,          7944.9252,         10528.1955,          1312.5718,         13812.8754,          9344.5416,         10316.5815,             0.0000,         10675.7160,          5104.6126,         10070.8516,         11953.5409,             0.0000,        336166.8459,          8970.7190,         12705.5636,         13245.6216,         13774.7602,          5892.3065,          1269.9271,          8796.5281,        410168.9899,        407420.2635,        403524.4766,        409668.3117,        404514.3987,         10618.8997,        124994.3740,          6357.9805,        818589.3115,          3505.8675,         10092.1300,          9648.8973,         13758.7103,          9986.4491,          9680.5195,          7568.4105,          9190.7193,             0.0000,         13508.8791,          7467.0395,         10023.1439,         11448.8389,             0.0000,        329034.9579,          2402.3372,          9677.4878,         10369.7921,          8604.9552,          9846.2693,         10408.8974,          7778.6089,        405809.9887,        403165.8930,        399270.5552,        405383.4676,        400268.9120,        118709.4944,          9107.4402,        817810.6011,          8867.8149,          7081.9478,         13498.9498,          8142.6967,         10264.7875,          9709.0469,          4018.2834,          2458.1427,             0.0000,          6902.8583,          6870.8590,          1372.9477,          4552.2218,             0.0000,        338013.8535,         11600.3630,          6272.6079,          7081.2169,          9898.9480,         12763.9514,          8461.2894,         13641.3860,        413976.1570,        411294.0419,        407227.3644,        413459.3479,        408489.2545,        127322.3919,        784170.9176,        121560.6850,        125640.9592,        123954.8063,        121274.7208,        117610.5757,        128082.2020,        120175.7721,        120486.3456,             0.0000,        120919.5959,        117715.1209,        119840.8724,        122412.4054,             0.0000,        447239.4454,        124788.2888,        124911.5889,        125555.3015,        128396.0612,        121635.9048,        116674.7054,        125346.0122,        511723.8709,        508488.3059,        505342.0232,        511137.6514,        505139.6712,        820938.2672,          8127.2264,          4774.6275,         12144.0682,         11469.1529,         13252.8267,          4417.8178,          7325.3627,          7234.8035,             0.0000,         10904.1881,         10518.0568,          8018.5002,          7510.8224,             0.0000,        329194.3344,          7955.4339,          4665.5949,          5122.3250,          3153.8714,         12878.8651,         12864.5082,         10855.5494,        406403.7807,        403781.0695,        399715.9438,        405928.6753,        400983.0012,        818060.9887,        819681.0980,        809358.6084,        812053.0681,        810067.7330,        818697.2783,        819760.4146,        819729.4406,             0.0000,        813371.0566,        815863.7049,        818920.7341,        818298.7468,             0.0000,        915210.6032,        816376.9121,        819806.6466,        819445.5348,        819452.2525,        808874.7620,        810916.6210,        811368.3219,        825391.2404,        820122.7328,        819800.3985,        822272.2705,        818686.2106,         10747.0680,         10436.4730,         13419.2040,          8306.8049,         11281.0226,          5641.9458,          7795.2258,             0.0000,         12999.8886,          4298.2564,          8544.4482,         11062.9322,             0.0000,        332355.9997,          4423.9904,         10094.5501,         10989.3376,         10453.6728,          9822.9502,          8356.3379,          9187.4804,        408939.2084,        406280.6922,        402411.8551,        408512.7299,        403366.3100,         13168.5663,          8153.3886,         13605.7443,          3291.1630,          7619.8077,          6017.4406,             0.0000,          7280.8823,         11383.5735,          6149.7643,          3467.8207,             0.0000,        332239.9732,         11277.1840,           932.9231,           384.6304,          3782.9700,         13694.3194,         12611.0495,         12766.8291,        408722.9533,        406075.1629,        401908.0281,        408191.8833,        403333.0371,         10965.7440,          6866.9053,         11786.0565,         13163.5147,         13737.9278,             0.0000,         11834.2185,         10824.6728,         13710.2325,         13577.0156,             0.0000,        329014.3229,          7670.9397,         13137.2748,         13173.9162,         11743.0128,          2368.8875,          8331.9721,          2548.8212,        402480.7282,        399732.4999,        395783.3632,        401959.6500,        396859.8709,         10715.8101,          8846.3776,         10998.2253,          9512.3658,             0.0000,          1559.8112,         11836.2301,          8651.3902,          6371.9403,             0.0000,        335743.1929,         13633.2262,          8225.6480,          7858.7787,          9926.9691,         10910.8908,          9496.2275,         12208.6677,        409516.5712,        406774.8098,        402587.4505,        408911.0848,        404037.2624,         13883.0068,         10224.3614,         11183.0704,             0.0000,         11033.8484,          6068.7247,         10966.3986,         12552.2555,             0.0000,        335215.7296,          8703.5820,         13149.7783,         13618.2810,         13842.5505,          4702.6521,          2231.6796,          7857.8068,        408975.6236,        406220.9996,        402330.2776,        408472.4685,        403312.3211,          9725.8450,          8675.4759,             0.0000,          8523.7679,         12635.0583,          8896.5753,          6326.4460,             0.0000,        329232.2313,         10489.7178,          4000.5024,          3341.1397,          1456.8015,         12847.9804,         13367.5873,         11180.5818,        405439.9682,        402789.7273,        398622.6542,        404906.8447,        400048.5522,          2460.5147,             0.0000,          9999.4037,          5180.1639,          3365.5896,          6831.9809,             0.0000,        335798.2727,          9042.9048,          6718.3905,          7814.3582,          9313.7492,         12534.9734,          8994.3789,         12598.1345,        412635.3473,        409982.7301,        405994.9440,        412168.9468,        407135.4259,             0.0000,          8311.7229,          6994.0770,          1219.1470,          4615.3764,             0.0000,        336371.6657,         10588.9004,          5096.3747,          6142.6744,          8570.5347,         13264.0055,          9700.2483,         13429.1069,        413039.7977,        410383.5396,        406328.9427,        412545.7475,        407574.1638,             0.0000,             0.0000,             0.0000,             0.0000,             0.0000,             0.0000,             0.0000,             0.0000,             0.0000,             0.0000,             0.0000,             0.0000,             0.0000,             0.0000,             0.0000,             0.0000,             0.0000,             0.0000,         11350.0242,          7389.0161,          5048.4491,             0.0000,        336408.3412,         13641.0418,          7261.3188,          6983.1739,          9571.9366,         11686.2291,          9601.7312,         12864.8056,        410619.2729,        407890.1573,        403701.9889,        410022.6555,        405153.4919,          7216.9337,         10353.1700,             0.0000,        336220.2920,          7708.3574,         10626.3939,         11515.9532,         12250.6181,          9450.4495,          5251.0372,         10566.1810,        411946.6620,        409252.8731,        405365.9075,        411488.7371,        406345.0249,          4062.0116,             0.0000,        337115.6964,         11232.0386,          5279.6667,          6200.7870,          8981.9794,         13161.5915,          9326.4656,         13626.8240,        413458.8807,        410791.2684,        406719.8772,        412950.5173,        407990.5025,             0.0000,        335542.7410,         12453.1625,          3063.8794,          3279.9285,          6992.4125,         13577.6111,         11088.4353,         13687.6162,        411487.7059,        408815.3778,        404647.3571,        410939.2532,        406070.7877,             0.0000,             0.0000,             0.0000,             0.0000,             0.0000,             0.0000,             0.0000,             0.0000,             0.0000,             0.0000,             0.0000,             0.0000,             0.0000,        328520.1875,        332811.7562,        332391.1299,        328606.1715,        331061.8864,        336809.6943,        327514.2254,        148102.8033,        150033.9055,        148932.5181,        150799.1847,        148053.8703,         10943.4863,         11500.9786,          9580.1476,          7901.3577,          9588.2510,          5675.9475,        404585.2646,        401918.4678,        398042.9799,        404149.9821,        399008.7723,          1149.6204,          4282.8756,         13519.5568,         12088.7352,         12720.0026,        409368.7294,        406721.1372,        402572.4506,        408844.8606,        403968.1053,          3969.2741,         13697.2102,         12598.9392,         12842.2271,        408773.4092,        406122.4120,        401947.8197,        408237.2543,        403384.3255,         12815.7306,         13440.9241,         10837.8117,        405157.5388,        402518.2118,        398382.1086,        404643.8086,        399760.1228,          6401.4454,          4091.5293,        404401.9947,        401644.0439,        397725.5120,        403885.5768,        398752.6597,          9334.2650,        410762.5628,        408012.1292,        404084.9957,        410249.0141,        405123.8225,        401755.8264,        399034.5276,        395111.2098,        401263.6215,        396149.1374,          5448.9172,         14030.8112,          5516.8113,          9883.3522,         11977.4716,          4975.4441,          7083.0192,          9512.0224,         17736.9849,         11977.4716,
   50400.000,      0.0000,             0.0000,             0.0000,             0.0000,             0.0000,             0.0000,             0.0000,             0.0000,             0.0000,             0.0000,             0.0000,             0.0000,             0.0000,             0.0000,             0.0000,             0.0000,             0.0000,             0.0000,             0.0000,             0.0000,             0.0000,             0.0000,             0.0000,             0.0000,             0.0000,             0.0000,             0.0000,             0.0000,             0.0000,             0.0000,             0.0000,             0.0000,             0.0000,             0.0000,             0.0000,             0.0000,             0.0000,             0.0000,             0.0000,             0.0000,             0.0000,             0.0000,             0.0000,             0.0000,          4682.0169,         13408.1584,         13326.3360,         10112.1406,          5887.6947,         13235.7357,         11718.1705,         11085.7620,             0.0000,          6983.9406,         10113.9001,         12090.4512,          3986.1224,        125736.9759,          9269.6346,        812498.2997,         10381.2666,          8293.6437,         10926.3383,          4502.2497,         10848.1172,          9224.3594,          7192.7087,          5869.5405,             0.0000,          2644.5795,          7617.1916,          4719.9579,          2999.9605,             0.0000,        336652.1373,         11955.3158,          8473.4473,          7341.6964,         12249.0414,         10571.4720,         10861.1267,         13447.4430,        401370.9751,        397642.3840,        399494.2103,        403915.5130,        398497.1728,         11554.2725,         13699.5573,         12469.4249,          9446.7131,         13832.0984,          9523.0365,         12066.2644,             0.0000,          6566.1808,          6352.3584,         11747.4587,          8220.5990,        125672.4157,         12138.3096,        817136.3997,         11296.1636,         11301.1355,          9344.3333,          2405.2429,          7265.3965,         12163.2046,         10503.0445,          9735.1762,             0.0000,          2340.6943,          6071.3981,          8834.6893,          7180.0165,             0.0000,        332378.4571,         12011.1048,         10682.0213,         10715.8145,         13708.0065,          8033.2608,          7505.4575,         11640.7886,        404052.0951,        400326.8403,        402103.0122,        406595.7435,        401255.7032,          7061.9547,         11721.9164,         13036.8956,          7194.8643,          6956.6200,          8734.7443,             0.0000,         11869.1896,          6783.2842,          6174.0694,         13712.7134,        121905.3641,         12241.8231,        821164.1165,          9177.3177,         12177.1678,          8579.3572,         12108.2664,          5997.3213,         12131.4544,         12674.3321,         13413.0270,             0.0000,         12678.7090,          9661.0579,         13652.9653,         13837.4611,             0.0000,        327579.9099,          6584.9355,         11070.2056,         12752.6312,          9060.0687,          8059.8289,          5371.8245,           162.2700,        407251.5061,        403402.1884,        404990.0544,        409761.8583,        404399.1685,          6324.5458,         11256.8163,          1489.8444,          8593.7703,          8455.8987,             0.0000,         11301.7588,         11780.4765,          8457.5878,         11892.1558,        118240.9177,          7445.9281,        815236.6601,          9612.4048,          9471.2936,          8681.4092,         13287.2519,         11169.1842,          7739.5177,         10341.0386,         10862.7341,             0.0000,         13614.9716,         13001.4852,         11432.6963,         12173.9642,             0.0000,        331681.9455,          7794.2146,          9916.9177,         10097.0677,          3983.1205,          9940.6888,         10536.9125,          6980.0349,        406757.2662,        402890.4883,        404597.0656,        409266.0382,        403758.0238,          7667.2300,          6354.6991,         10856.0762,          9428.9838,             0.0000,          9300.7731,         13651.2542,         11157.5998,          7584.2468,        118973.0836,          2027.3148,        810053.6223,         10177.0858,          6394.8828,          9764.7788,         11492.9220,         13487.2191,          3327.2198,          6871.0032,          6412.0636,             0.0000,         11312.2066,         13176.9443,          6911.3838,          7815.8259,             0.0000,        336507.0420,         10296.1757,          8385.0155,          6364.8715,          5147.5564,         11293.0581,         13019.8136,         11677.4710,        404151.7963,        400329.9884,        402176.8105,        406674.1476,        401104.3672,         10592.5770,         13650.6660,          7205.0906,             0.0000,         10627.1356,         12587.4012,          9638.0234,          2682.6589,        126371.9880,          5931.0441,        809710.5511,          6766.6968,          2821.2702,         13050.6598,          9641.9875,         13089.1109,          5056.8961,          1514.4484,          1822.6441,             0.0000,          8131.0311,          8614.4905,          2510.3291,          4893.6562,             0.0000,        339635.6242,          9058.3349,          3695.6087,          1861.8660,          8587.1334,         13281.2104,         12841.9752,         13004.1136,        398265.8991,        394483.2594,        396307.5250,        400797.2780,        395318.3315,          9622.2167,          7235.4827,             0.0000,         12005.5902,         12043.1307,          7497.7919,         11543.5275,        119457.1105,          7110.6862,        814703.5674,          8488.4318,          8584.8695,          9778.5072,         13610.0028,         11529.1442,          7137.3529,          9565.5683,         10356.3897,             0.0000,         13722.5145,         12561.2410,         11063.4160,         12103.2515,             0.0000,        332675.4936,          6719.1254,          8903.0277,          9352.3851,          2797.3885,         10857.0546,         10897.6142,          7090.5071,        405361.7127,        401489.7284,        403186.0427,        407868.9516,        402363.1250,         12935.5032,             0.0000,          6812.6449,          6657.4728,         11593.9643,         12948.6109,        117852.2551,         11984.1376,        820344.2897,         13209.0129,         13626.0434,          2152.3137,          8780.8776,          5791.7025,         12594.8971,         13696.1241,         13285.8357,             0.0000,         10306.7113,         11617.8763,         12968.5981,         11921.6573,             0.0000,        326475.8135,         11708.6290,         13547.6129,         13608.3387,         11365.4957,          1927.8143,          5461.6604,          7071.7405,        411162.2467,        407366.0986,        409080.9709,        413688.4119,        408287.3447,             0.0000,         13663.1879,         11364.1744,          3351.4424,          9374.9467,        126618.6959,          8456.9314,        814008.4862,          1498.4057,          5572.7589,         13351.3127,         12934.5641,         11511.0335,          7342.8243,          6372.9117,          8264.9346,             0.0000,         12091.5265,          8161.4183,          9152.3092,         10924.8558,             0.0000,        336140.7570,          2472.8265,          3672.9033,          6630.3882,          5921.9160,         13351.9894,         11065.1770,          8633.4315,        399179.2726,        395328.9951,        396987.4803,        401690.9521,        396262.0371,             0.0000,             0.0000,             0.0000,             0.0000,             0.0000,             0.0000,             0.0000,             0.0000,             0.0000,             0.0000,             0.0000,             0.0000,             0.0000,             0.0000,             0.0000,             0.0000,             0.0000,             0.0000,             0.0000,             0.0000,             0.0000,             0.0000,             0.0000,             0.0000,             0.0000,             0.0000,             0.0000,             0.0000,             0.0000,             0.0000,             0.0000,             0.0000,             0.0000,             0.0000,          9122.9903,         13743.5680,          8742.1277,        119359.3436,          9920.4177,        815325.5044,         13578.3120,         11706.7682,          5205.9460,          4411.3346,          9183.0209,         10724.5518,         11200.6503,          9794.2906,             0.0000,          5851.3315,         11232.1787,          8920.9183,          6839.3986,             0.0000,        331520.4421,         13611.4222,         12379.2506,         11057.2417,         12299.8436,          5561.8426,          9124.8504,         11950.2257,        408198.6340,        404457.8723,        406314.1380,        410740.6138,        405293.9297,          9366.8621,         12349.8999,        124349.2904,         13833.5442,        821972.7913,         10932.3332,         13225.2224,          7967.3123,          7456.6983,          1218.9235,         13810.4510,         13024.7466,         13067.1543,             0.0000,          8320.5057,          6531.9074,         12684.3405,         11808.2375,             0.0000,        327528.5622,         10015.8090,         11988.5214,         13229.2194,         13028.6998,          5951.4920,          1695.2507,          6914.2870,        406960.6569,        403185.4193,        404828.4114,        409489.7107,        404195.9726,         11369.0664,        126435.3429,         10654.5012,        817353.0643,          3580.3408,          8473.6336,         12523.1733,         12860.2857,          9380.6960,          9825.6646,          9093.7400,         10658.4937,             0.0000,         12394.4675,          7406.3278,         11281.7508,         12481.8163,             0.0000,        333026.8868,          1140.2805,          6491.2711,          9357.1763,          7432.2087,         12132.6883,          8920.8256,          6073.6899,        401123.7704,        397269.7295,        398866.6755,        403633.0883,        398257.1204,        125194.1917,          6191.7069,        809662.0743,          8956.6830,          5010.4467,         12029.6675,          7907.1002,         12876.1352,          5919.2987,          3828.0544,          2017.8796,             0.0000,          6428.1416,          9195.2110,           819.5129,          2300.1651,             0.0000,        339098.9102,         10880.7380,          6159.3429,          3824.6152,          9871.1973,         12311.4201,         12698.4422,         13707.2221,        399738.3528,        395979.8510,        397848.9409,        402276.2826,        396792.3606,        120851.7613,        825038.7756,        127747.9768,        125343.5958,        117031.3418,        123630.7188,        123362.4991,        122156.5251,        125807.3972,        124822.4986,             0.0000,        125193.3921,        129103.1638,        124738.7891,        123891.8182,             0.0000,        305014.1658,        125948.3237,        127101.4853,        125285.1228,        121002.5221,        118742.9316,        123067.6220,        121926.7964,        509679.5042,        505690.0797,        508174.8856,        512145.9040,        505599.6149,        809188.2133,          9068.9159,          4573.0289,         11003.0845,         11401.0326,         13828.9348,          1454.6737,          5028.7314,          4704.7681,             0.0000,         10852.0523,         12385.3268,          5444.8357,          6930.6703,             0.0000,        338007.0502,          9753.4208,          6844.3134,          4485.4248,          5205.9809,         12242.6434,         13392.7877,         12190.2414,        402178.8221,        398361.6701,        400210.0980,        404702.3162,        399139.8404,        814200.3063,        809604.3646,        818625.1451,        816200.1646,        822360.8261,        809143.4342,        809468.6622,        808990.1322,             0.0000,        814878.1569,        817797.8862,        809294.9597,        810385.7483,             0.0000,       1128297.7737,        816358.4327,        811505.7024,        809210.7020,        812347.8549,        820171.8327,        822081.3836,        821082.2766,        688780.3836,        689342.4541,        697913.6699,        688936.0811,        681359.9279,          5677.6623,         13639.9067,         12374.5077,         11230.5141,          7927.9851,          6202.2495,          8075.3180,             0.0000,         11383.3528,          6996.8819,          8852.4103,         10550.0973,             0.0000,        336389.2994,          3116.9012,          3261.4359,          6573.9200,          7200.1814,         13428.6890,         10852.9891,          9094.0103,        398503.4323,        394665.9194,        396324.7269,        401018.1944,        395610.5913,         13150.2456,         11439.1304,         13517.9035,          3249.2431,          1331.2402,          3244.8305,             0.0000,         10243.7678,          9741.6610,          4492.0046,          6951.2911,             0.0000,        339433.6422,          7638.0387,          2683.8302,          1273.6406,          6226.7885,         13655.5048,         13148.9348,         12113.3254,        398544.7338,        394730.3176,        396526.9314,        401067.9651,        395563.2698,          8103.5925,          7324.7945,         11803.0311,         13138.2870,         12427.6094,             0.0000,          9671.9382,         12222.6574,         12016.5850,         10772.2616,             0.0000,        327716.6592,         12483.0704,         13464.1118,         12982.3257,         11231.1401,          2371.5426,          7044.7486,          8674.5667,        411086.3322,        407300.7521,        409067.1330,        413616.1175,        408182.0225,          8093.3084,         11700.3745,         10643.3150,          9472.9777,             0.0000,          2102.1164,          8134.0618,          8441.2654,          6300.1980,             0.0000,        332372.3855,         12967.0001,         11366.7260,         10729.5537,         13543.8167,          7182.0864,          8258.3069,         12196.6504,        405404.7069,        401683.5269,        403503.9787,        407950.3254,        402572.7825,         13872.6485,         13414.7839,         13476.7939,             0.0000,          9102.3988,          7487.6794,         13147.8592,         12309.6014,             0.0000,        326786.7748,         10003.2566,         12374.0364,         13580.2349,         12754.1927,          5337.2390,           661.9213,          6140.6303,        407863.9712,        404079.6549,        405715.3797,        410390.7881,        405088.6555,          3916.1850,          4157.3522,             0.0000,         10951.2178,         11762.9946,          5172.8833,          7108.2228,             0.0000,        338584.6846,          8887.6030,          5587.9465,          3390.9186,          4856.4015,         12842.4644,         13437.0652,         12069.3124,        400952.4291,        397130.7966,        398960.5314,        403474.5006,        397923.7169,          2207.9117,             0.0000,          9301.0904,          9291.6624,          3387.7422,          5917.0059,             0.0000,        339685.1671,          8371.5567,          3008.9389,           595.1775,          7355.8299,         13538.0976,         13100.5128,         12624.9053,        398333.2137,        394533.8984,        396347.2395,        400860.4021,        395364.4709,             0.0000,          8152.2725,          9857.8830,          1334.3469,          3976.4589,             0.0000,        339632.0472,         10002.7419,          5030.9902,          2000.2768,          8370.2739,         12932.4114,         13210.0760,         13384.6295,        399306.6235,        395526.8033,        397384.4050,        401839.2925,        396331.5614,             0.0000,             0.0000,             0.0000,             0.0000,             0.0000,             0.0000,             0.0000,             0.0000,             0.0000,             0.0000,             0.0000,             0.0000,             0.0000,             0.0000,             0.0000,             0.0000,             0.0000,             0.0000,          7235.6443,          7077.8398,          5098.0115,             0.0000,        334230.5724,         12453.6433,         10102.7095,          9452.7190,         13253.3694,          8883.6291,          9233.1408,         12747.6515,        403316.1834,        399595.6128,        401422.3759,        405862.0355,        400480.4752,          9657.8702,          9692.3722,             0.0000,        333416.8153,          7961.2888,          7784.6740,          9734.6546,         12177.6328,         10936.7576,          7532.6504,          9693.3368,        400478.8462,        396707.5040,        398372.9857,        403009.2497,        397703.6132,          2691.2047,             0.0000,        339269.3857,         10720.6543,          5956.9754,          3276.6723,          9298.3306,         12438.4579,         12932.7625,         13640.1744,        399806.7487,        396041.0568,        397912.3246,        402343.0233,        396844.9850,             0.0000,        337854.9780,         12082.1104,          8068.4337,          5833.2101,         10838.6774,         11071.6118,         12186.6923,         13855.6300,        401576.4292,        397833.6558,        399724.4132,        404118.4555,        398638.1826,             0.0000,             0.0000,             0.0000,             0.0000,             0.0000,             0.0000,             0.0000,             0.0000,             0.0000,             0.0000,             0.0000,             0.0000,             0.0000,        333747.4824,        338468.0121,        339706.6431,        335412.6616,        326907.1357,        326951.0272,        327671.5941,        705019.2357,        701140.9013,        700343.4338,        707353.1379,        704095.1415,          5827.4128,          8596.0708,          6408.1152,         12299.6360,          9515.4424,          6474.1900,        400933.6265,        397076.1852,        398691.5712,        403442.5808,        398043.0010,          3436.3622,          6919.3846,         13551.8862,         12032.1712,         11004.1153,        397942.6654,        394125.0115,        395864.2275,        400463.9821,        395010.7534,          7106.2846,         13483.6331,         13252.3388,         12702.4232,        398634.2383,        394833.6071,        396655.5462,        401161.2695,        395654.4991,         12267.6178,         12173.7439,          8954.8593,        402896.4623,        399031.1698,        400760.7908,        405405.9651,        399879.9207,          5194.3889,          8184.5286,        410720.2594,        406944.9957,        408680.4409,        413251.7534,        407865.3398,          5514.8539,        407824.1618,        404033.4995,        405668.8593,        410349.5213,        405037.2766,        407163.1916,        403312.4603,        404899.6626,        409673.1860,        404308.8459,          5940.7294,         13171.7257,          2806.2150,          9085.7957,         10008.1872,          7172.7593,          8007.9162,         12864.2079,         17433.7350,         10008.1872,
   54000.000,      0.0000,             0.0000,             0.0000,             0.0000,             0.0000,             0.0000,             0.0000,             0.0000,             0.0000,             0.0000,             0.0000,             0.0000,             0.0000,             0.0000,             0.0000,             0.0000,             0.0000,             0.0000,             0.0000,             0.0000,             0.0000,             0.0000,             0.0000,             0.0000,             0.0000,             0.0000,             0.0000,             0.0000,             0.0000,             0.0000,             0.0000,             0.0000,             0.0000,             0.0000,             0.0000,             0.0000,             0.0000,             0.0000,             0.0000,             0.0000,             0.0000,             0.0000,             0.0000,             0.0000,          2159.1511,         13425.6572,          9879.4670,         10457.6230,          4234.5949,         10145.7362,          7768.8635,         10452.8412,             0.0000,          7517.7629,          8411.1269,         12059.0370,          1871.0977,        125668.9016,          6659.1377,        821467.7831,         10202.1809,         11522.0915,          7060.6429,          8100.0338,          9210.3969,         11167.5880,          5247.1993,          3525.0657,             0.0000,          7963.8018,          6984.0941,          2186.4513,          4017.4743,             0.0000,        333673.4932,         11104.2742,         11671.9715,         10693.1353,         13429.4893,          6633.0003,          8939.8260,         13760.8761,        399667.8536,        396855.6936,        402039.0252,        404115.5201,        399410.2541,         13497.3355,         11072.8783,         11733.4584,          5860.3637,         11383.5205,          7754.6133,         11494.2082,             0.0000,          6182.9636,          6839.0427,         12192.6921,          3538.6120,        125590.5225,          8287.4343,        820800.6409,         11085.8163,         11941.8228,          7624.4557,          6271.5662,          7860.8432,         12075.1225,          6897.4459,          5185.5019,             0.0000,          6349.3012,          6063.4577,          3751.5087,          3459.0133,             0.0000,        331601.3762,         11887.7355,         11303.3529,         11211.9196,         13773.8103,          6535.6690,          8200.6033,         13769.6340,        398494.7552,        395690.7765,        400894.4726,        402933.3182,        398202.0204,          7483.2025,          8368.9545,         13088.5075,          7429.2853,          9579.3756,          9545.4801,             0.0000,         10918.3898,         10804.1383,          9072.7421,         13541.9454,        122868.7818,         11934.2783,        809551.7088,         10340.4804,          9448.1218,          9868.1166,         12191.2283,          9927.8254,          8814.1206,         12691.0541,         13301.1641,             0.0000,         12633.7019,         13286.3506,         13538.4232,         13835.4493,             0.0000,        332499.6997,          8878.1757,          9533.8935,         10403.6100,          4346.3697,         10496.1924,          8744.6588,          1915.4449,        401858.6488,        399206.8640,        404589.5253,        406229.0356,        401644.7569,          4708.5961,          9038.6049,          1118.6786,          7471.5532,          7692.1171,             0.0000,         11040.7847,         11967.8605,         11000.8225,          9810.5387,        125823.4294,          7502.1708,        814854.9934,          8986.5292,         10225.7254,          6084.3660,         13476.4220,         11481.2624,          7808.5500,          8440.2927,          9288.2527,             0.0000,         13677.8641,         13139.4007,          9858.7340,         12000.5819,             0.0000,        338275.5169,          8374.9075,         12236.6446,         10327.9350,          8040.4272,          8093.3907,          9287.6605,          8509.2867,        402333.5577,        399603.6769,        404860.7260,        406756.8633,        402207.3108,          7819.0805,          3655.4593,         10944.2598,          3344.3146,             0.0000,         13164.1579,         13632.6080,          7762.8020,          9583.1798,        121359.7118,          5300.3493,        816876.0904,          4909.5693,          6547.4805,          9682.8741,         13687.9861,         13474.1608,          3535.6774,          6828.7673,          8390.8415,             0.0000,         13196.1825,         11789.6325,          9468.3998,         11260.7508,             0.0000,        337768.8858,          4295.1107,          9788.3316,          6572.7276,          6273.9203,         11217.2471,         12075.0267,          8350.3688,        406518.4181,        403783.7629,        409045.1446,        410938.1330,        406348.5270,          8841.8845,         10232.4355,          7191.8077,             0.0000,         10695.1349,         11287.6664,          9812.3526,          2494.9922,        122597.9780,          2876.7929,        822458.2826,          6851.8345,          8817.3584,          9050.9315,         10186.8301,         11932.0122,          8136.8271,          1186.3941,           763.5702,             0.0000,          9335.3472,          7070.7935,          2246.3488,          4897.4932,             0.0000,        335406.6662,          8133.6137,         10268.6749,          7734.0470,         11809.2737,          9492.0152,         11466.2689,         13068.3853,        403842.1788,        401032.8264,        406215.4211,        408290.0177,        403596.9942,          8384.1580,          6756.5981,             0.0000,         11665.4167,         12479.9929,         10288.9771,          9877.2676,        124808.3251,          7014.3210,        815141.0408,          8133.5915,          9428.3737,          7023.4081,         13673.6562,         12049.4646,          6853.9974,          8128.4676,          9176.2208,             0.0000,         13720.3626,         12988.6389,          9887.5521,         11991.3381,             0.0000,        338353.1341,          7470.1498,         11732.0810,          9548.0882,          7401.1021,          8941.5797,         10019.1817,          8245.8670,        403420.4868,        400691.7548,        405951.4360,        407842.4412,        403288.9457,         12575.8353,             0.0000,          4844.7198,          6411.4502,         13818.6146,          9076.5709,        129566.7916,         10838.4077,        814321.1638,         13097.1571,         13685.6825,          2081.5310,          9677.2394,          5820.2430,         12746.1888,         10531.6978,          9914.0705,             0.0000,         10881.4252,         11851.0786,          9312.9070,         10393.8550,             0.0000,        333804.3174,         12877.3522,         13458.6198,         13641.2345,         12038.8673,          1394.4770,          3254.3489,         10863.6048,        395648.1377,        392906.1451,        398166.4319,        400069.4122,        395458.9555,             0.0000,         13664.1577,         13781.5816,          5228.9468,          9220.4779,        118518.1158,          4872.4737,        818336.7366,          1650.4933,          3693.2178,         11557.9525,         12792.2178,         13890.3432,          1141.0005,          6232.6743,          7855.0525,             0.0000,         11843.4645,          9957.1637,          9007.2978,         10054.9043,             0.0000,        335813.2668,          1572.4303,          7514.1602,          3437.4338,          6345.2845,         12604.5521,         13158.3638,          8889.2046,        408095.0543,        405354.6128,        410623.4509,        412509.6568,        407866.7072,             0.0000,             0.0000,             0.0000,             0.0000,             0.0000,             0.0000,             0.0000,             0.0000,             0.0000,             0.0000,             0.0000,             0.0000,             0.0000,             0.0000,             0.0000,             0.0000,             0.0000,             0.0000,             0.0000,             0.0000,             0.0000,             0.0000,             0.0000,             0.0000,             0.0000,             0.0000,             0.0000,             0.0000,             0.0000,             0.0000,             0.0000,             0.0000,             0.0000,             0.0000,          1847.3270,         13297.5381,          8987.6047,        127801.5683,         12090.3247,        814971.0447,         13624.5843,         13594.6337,          6409.3669,          5592.3287,          2121.2876,         13782.7315,         11336.7352,         10235.8100,             0.0000,          7299.4503,          9310.0278,          9190.8262,          8561.6940,             0.0000,        329284.7601,         13606.2582,         11973.3354,         13501.8780,         13004.6816,          4254.7032,          3035.5258,         11624.6258,        394779.6801,        392037.3581,        397323.1914,        399187.3923,        394491.9561,         12706.2491,          9691.2525,        126542.4440,         12663.3713,        814508.5237,         13593.8738,         13212.7580,          7964.1267,          4312.1710,          1462.7869,         13806.5163,         11923.6325,         10868.0401,             0.0000,          6216.3720,          8706.3903,          9846.5707,          8600.6769,             0.0000,        327662.7156,         13526.6907,         11064.4500,         13200.6558,         12753.9491,          5965.2004,          3962.8929,         11271.8669,        395138.5209,        392407.8915,        397717.4550,        399535.4064,        394817.4661,         11109.9605,        115835.5252,          8739.3360,        816452.2011,          4400.1267,          1673.4524,         13558.9948,         10822.8393,         12894.0160,          4613.6993,          9351.7750,         10261.5333,             0.0000,          9679.6158,          8445.6227,         10888.4704,         10179.6742,             0.0000,        330826.8257,          3791.2859,          2840.1810,          2772.4257,          5661.3817,         13837.8094,         13123.9901,          7625.0915,        407679.5716,        404973.0167,        410310.0241,        412063.6600,        407359.8859,        124184.1502,          5192.7612,        822311.7141,          8856.3550,         10404.7719,          8158.6600,          8792.4886,         10483.4208,         10037.5289,          3615.6084,          1747.6283,             0.0000,          8231.3793,          6511.9674,           337.9549,          3588.8661,             0.0000,        334213.3722,          9966.9880,         10988.6847,          9430.3903,         12948.8893,          8085.0262,         10227.3295,         13689.0217,        401520.2574,        398704.9352,        403883.9562,        405969.1785,        401260.5743,        121683.4360,        845505.3650,        117569.9114,        116204.7296,        129320.7587,        122933.1591,        127052.2263,        118140.1785,        122166.9156,        123099.5536,             0.0000,        121205.3953,        119743.1315,        123857.6715,        122235.9241,             0.0000,        316322.2939,        117659.4240,        116194.9764,        116403.1307,        119164.1031,        129429.2978,        128319.3412,        120982.7706,        507022.4345,        504550.0611,        510357.9442,        511106.2006,        505660.5882,        821363.5644,          4978.7181,          7431.4392,          9442.5214,         11846.6703,         13044.9493,          5919.3586,          1708.2541,          3585.9442,             0.0000,         10997.5514,          8772.3633,          4996.6585,          7333.9420,             0.0000,        336915.2354,          6136.4332,          9960.4260,          6465.0602,         10131.5235,         10437.1798,         12197.7324,         11854.2385,        405667.7054,        402876.3998,        408074.4336,        410110.6475,        405453.9993,        819169.0438,        817443.1239,        815545.2833,        817084.8688,        813218.5099,        817337.6595,        822155.4794,        822535.3338,             0.0000,        818415.0766,        820796.7460,        822405.7192,        822044.3158,             0.0000,        805287.9343,        817399.6349,        816186.0283,        818795.9632,        812120.7624,        815544.3364,        812760.8700,        809971.0922,        789567.8884,        793812.4040,        800886.3214,        788063.0676,        790727.6745,          2788.6161,         12200.5693,         12102.0281,         13853.3653,          2174.3776,          6022.9752,          7503.3870,             0.0000,         10937.8654,          8815.4791,          8605.2527,          9207.6461,             0.0000,        334668.6232,          1830.8328,          6537.2787,          2019.4251,          7054.6576,         12989.8535,         13452.7061,          9506.5230,        408315.4233,        405568.7596,        410837.3024,        412728.9475,        408056.3642,         13177.1652,         11459.4664,         13419.0048,          3204.3416,          8214.1037,          9350.4757,             0.0000,         10277.6076,          8635.7068,         10167.0474,          9921.5097,             0.0000,        332370.4212,          2348.4324,          4246.1580,          1426.1395,          5845.0161,         13674.3710,         13388.1726,          8192.9529,        408242.6889,        405522.6011,        410835.7168,        412637.1835,        407946.6174,         10631.6396,          7568.2981,         11851.7293,          9238.1590,          8787.9499,             0.0000,         11521.7331,         11916.4479,          8391.8999,         10128.6952,             0.0000,        335582.4852,         12086.7258,         13570.7553,         13020.6178,         11816.0562,          2354.3094,          5157.2733,         11121.7735,        396998.1463,        394242.4125,        399477.4865,        401429.8389,        396833.4736,          5545.3712,         12876.6736,         10915.7637,          9812.5449,             0.0000,          2074.5743,          5170.9110,          8826.9281,          6242.2851,             0.0000,        326094.4243,         12381.3685,          8682.7314,         11249.3219,         12758.9373,          8989.6568,          7788.9868,         11998.7686,        397935.6360,        395189.7433,        400493.5590,        402331.3298,        397552.3749,         13836.4734,         12464.3852,         11560.3515,             0.0000,          7386.7247,          9797.8045,         10643.9890,          9704.6344,             0.0000,        328038.4650,         13606.9887,         11395.3215,         13532.3497,         12307.3080,          5682.3071,          2901.3331,         10561.8586,        394833.1721,        392116.3312,        397439.6181,        399225.4656,        394530.0825,          7231.1001,          8766.7155,             0.0000,         11979.3953,         10307.3913,          9834.4882,         10667.3374,             0.0000,        335345.9683,           859.8530,          7067.1043,          3407.6666,          5340.1644,         12870.3030,         13129.7824,          8024.4929,        408180.2608,        405453.5665,        410741.5172,        412587.1861,        407948.0896,          1922.1127,             0.0000,         10042.7777,          7741.8147,          3391.6140,          5897.2924,             0.0000,        336091.7114,          7304.3400,         10128.7344,          7143.2921,         11174.7854,          9925.1889,         11837.8024,         12639.8816,        404687.8562,        401884.4045,        407071.3012,        409134.4685,        404455.6342,             0.0000,          9031.5915,          6883.1471,          1504.8870,          4440.5823,             0.0000,        335112.6498,          8743.5714,         10538.8729,          8289.7655,         12227.7373,          9093.1978,         11149.4885,         13335.1801,        403163.4224,        400350.7137,        405529.9949,        407612.4550,        402914.3887,             0.0000,             0.0000,             0.0000,             0.0000,             0.0000,             0.0000,             0.0000,             0.0000,             0.0000,             0.0000,             0.0000,             0.0000,             0.0000,             0.0000,             0.0000,             0.0000,             0.0000,             0.0000,          3306.6302,          8190.4714,          5179.4822,             0.0000,        326313.8164,         11409.6512,          7505.2746,          9931.7253,         12482.4542,         10156.9179,          9332.2593,         12192.5813,        399805.0054,        397050.5774,        402345.3287,        404203.3207,        399409.9781,          6352.1026,          3238.8411,             0.0000,        328373.3636,          9728.9027,          6877.1634,          7902.5935,         12183.1559,         11054.8802,         11088.5578,         12699.6689,        402466.8619,        399689.8421,        404949.6011,        406879.1855,        402088.7325,          3484.8382,             0.0000,        334183.0509,          9752.2760,         10793.5659,          9168.9477,         12839.2207,          8343.4545,         10418.8199,         13641.8782,        401832.7518,        399017.8093,        404197.9228,        406281.0978,        401570.4326,             0.0000,        330770.8903,         10309.5761,          9248.3381,          8993.6360,         13093.1970,          9381.6943,         10437.5611,         13638.2504,        401418.7774,        398615.2291,        403828.2329,        405851.5151,        401087.5656,             0.0000,             0.0000,             0.0000,             0.0000,             0.0000,             0.0000,             0.0000,             0.0000,             0.0000,             0.0000,             0.0000,             0.0000,             0.0000,        334543.7912,        328309.0951,        332734.3732,        333116.1985,        333511.4168,        330717.9203,        331612.4151,        440584.9507,        439957.5540,        446759.9451,        442195.4261,        434750.9207,          6263.7346,          2626.2178,          5319.8189,         12958.8994,         13078.5426,          7955.4177,        408147.6244,        405422.0548,        410715.9933,        412551.5600,        407898.2285,          4765.7409,          7164.6707,         13360.9097,         12214.4803,          8124.0634,        405842.2901,        403137.3025,        408487.6468,        410219.3946,        405479.3323,          7020.4665,         13499.8354,         13528.8684,          9297.0273,        408269.3983,        405532.0270,        410822.6714,        412672.6994,        407972.0780,         12620.4647,         11551.0133,          3069.6486,        405882.3635,        403214.9157,        408581.7939,        410257.8792,        405646.9147,          3655.1603,         11625.6955,        395609.8275,        392853.1004,        398097.7182,        400036.7440,        395406.2755,          9820.8188,        395084.7642,        392367.7335,        397675.3307,        399485.5972,        394841.5547,        403209.7193,        400560.8967,        405954.2537,        407574.6406,        402968.1410,          5656.2852,         12131.9364,          5272.1505,          8200.8376,          8764.2397,         10507.9265,         10072.0159,         14880.9554,         16143.9974,          8764.2397,
   57600.000,      0.0000,             0.0000,             0.0000,             0.0000,             0.0000,             0.0000,             0.0000,             0.0000,             0.0000,             0.0000,             0.0000,             0.0000,             0.0000,             0.0000,             0.0000,             0.0000,             0.0000,             0.0000,             0.0000,             0.0000,             0.0000,             0.0000,             0.0000,             0.0000,             0.0000,             0.0000,             0.0000,             0.0000,             0.0000,             0.0000,             0.0000,             0.0000,             0.0000,             0.0000,             0.0000,             0.0000,             0.0000,             0.0000,             0.0000,             0.0000,             0.0000,             0.0000,             0.0000,             0.0000,          1685.0173,         11349.6094,          9554.6121,         13469.4303,          4934.8041,          9574.4057,          6230.1266,          9877.4163,             0.0000,          8282.4372,          2109.4473,         12021.9340,          4067.1816,        115957.1479,         10684.3313,        813945.9236,         10003.7837,         13102.8100,          7970.5229,          9601.3617,          3208.3076,         13650.0919,          6073.2866,          5870.9745,             0.0000,          9842.4501,          5806.6473,          5067.6714,          8469.4219,             0.0000,        337240.1010,          9944.6741,          9996.4148,         13073.1678,         13766.6885,          6017.7742,          5827.1239,         12651.1345,        405412.6527,        404065.4143,        411782.9909,        410511.8802,        407107.8691,         10593.3988,          8269.0135,         12961.1326,          4962.8145,          8315.5157,          4989.9398,          8910.3563,             0.0000,          9348.9844,          3142.7175,         11621.6679,          4874.5416,        116056.3461,         10332.3579,        814913.9274,          9156.0645,         13389.3536,          6712.1479,         10727.9687,          3929.2736,         13559.2274,          5852.6369,          6154.3099,             0.0000,         10949.4088,          6046.3469,          5829.6950,          9419.8222,             0.0000,        337934.3282,          9058.6561,         10949.2320,         13297.1310,         13860.3995,          4776.0083,          4735.9839,         12022.4949,        404370.9460,        403038.6379,        410761.9478,        409455.9674,        406046.5306,          6561.1923,          6599.6609,         12527.5203,          7019.9045,          6715.0268,          9218.3125,             0.0000,         10954.5148,         10825.0849,         10382.9683,         13034.1430,        123455.0494,         11424.7273,        821575.4031,          9837.1559,         11186.0406,          5107.8543,         12284.1755,         10279.5669,          9318.1703,         12349.2695,         13058.2026,             0.0000,         12749.1938,         12963.3828,         13299.7576,         13835.3020,             0.0000,        335938.4406,          9316.1165,         13013.2525,         11262.3974,          9042.8697,          6871.6326,          6678.0842,          2657.7271,        396444.5079,        395049.3134,        402710.3478,        401623.9959,        398087.1701,          7460.0516,          8722.6197,           612.5671,          5986.7837,          3716.8195,             0.0000,         13266.2690,         10310.9914,          7470.6981,         10267.6492,        122251.7030,          7549.2206,        817948.2888,          4614.4825,         11636.5482,          4557.9335,         13866.3242,         10439.6359,          9899.5584,          8067.9177,          9478.0558,             0.0000,         13813.7537,          9330.3198,         10485.6404,         12384.5781,             0.0000,        335838.3797,          4121.8463,         13078.6184,         11290.3451,         11116.2255,          6057.8349,          6382.1160,          7121.5184,        396219.8660,        394896.4428,        402619.9727,        401301.4348,        397873.3903,         12243.1908,          7413.7444,         11068.6240,          7379.2944,             0.0000,         12628.9647,         13603.3631,          5574.9942,         13104.0564,        128482.9001,          7671.5824,        817076.5204,          7495.2241,          6665.7087,          9592.3337,         12056.3008,         13511.8834,          3724.0766,         11545.1152,         12153.2221,             0.0000,         11818.7010,         12098.6820,         12842.1032,         11966.9045,             0.0000,        329845.1131,          7131.1425,         10995.8736,          6460.2134,          4923.6522,         11144.8182,         11025.5884,          4297.7493,        392865.4762,        391453.2463,        399130.3003,        398044.2270,        394598.2585,          8424.6454,          8750.1221,          7168.4844,             0.0000,         10766.7312,          6786.2337,          8890.2402,          2299.5767,        119029.9610,          6902.2523,        810763.8658,          6902.5518,         11305.0804,          9630.1428,         10502.2673,          7795.5232,         11923.1556,          1377.5600,          1434.7438,             0.0000,         10058.4598,          1281.3055,          2424.7470,          6412.6686,             0.0000,        333847.9970,          7099.7328,          8965.3529,         11003.5296,         12844.2820,          8582.2248,          8601.4074,         13001.4023,        402651.8944,        401319.8415,        409064.3727,        407718.7184,        404393.7525,          6390.0640,          3121.7836,             0.0000,         13386.5396,         10429.0263,          7023.8668,         10051.2976,        122466.1845,          7029.0924,        817398.7707,          4028.5640,         11421.3423,          5078.1466,         13846.8585,         10618.4184,          9722.1767,          7695.7249,          9139.7935,             0.0000,         13732.2273,          8992.2477,         10224.1415,         12109.9687,             0.0000,        335423.2431,          3543.8393,         12892.0839,         11040.7069,         11051.7963,          6445.4246,          6764.3707,          7420.4274,        396112.0781,        394790.1870,        402517.4499,        401189.5682,        397773.2218,          8608.2866,             0.0000,         10340.9677,          6102.0550,         11743.6494,          9204.7140,        117499.2536,         11355.9424,        819457.4140,          9257.2119,         13738.7514,          2154.1614,         12311.3635,          5816.1678,         12895.9404,          9034.0906,          9848.4725,             0.0000,         12791.5947,          9717.5519,          9921.2844,         12487.2587,             0.0000,        339432.8723,          8894.3601,         13045.7942,         13692.3952,         13043.1205,           217.9822,           741.8041,          8813.1828,        401452.6692,        400115.4340,        407817.0623,        406559.5663,        403074.6123,             0.0000,         13681.4042,         11081.6943,          4685.5209,          9049.1886,        123746.5929,          4178.0935,        814439.3388,           928.5588,         10033.0701,          7747.8933,         13388.6302,         11522.7295,          8695.7462,          6072.2313,          7515.4087,             0.0000,         12957.1109,          7386.8120,          8926.4137,         10454.2303,             0.0000,        332928.5575,           554.9789,         11599.7644,          9493.5114,         10498.6111,          8601.9488,          8833.5133,          8941.5610,        395826.9255,        394502.2837,        402242.3583,        400895.3362,        397534.7916,             0.0000,             0.0000,             0.0000,             0.0000,             0.0000,             0.0000,             0.0000,             0.0000,             0.0000,             0.0000,             0.0000,             0.0000,             0.0000,             0.0000,             0.0000,             0.0000,             0.0000,             0.0000,             0.0000,             0.0000,             0.0000,             0.0000,             0.0000,             0.0000,             0.0000,             0.0000,             0.0000,             0.0000,             0.0000,             0.0000,             0.0000,             0.0000,             0.0000,             0.0000,          6807.9869,         13284.7562,          9221.6861,        120169.9506,         13112.4069,        814733.4296,         13681.6817,         10350.7119,         11239.3004,          3495.1298,          6360.0361,         11697.3177,         11544.4818,         10664.9988,             0.0000,          4813.2322,         10707.1537,          9408.2131,          8403.6271,             0.0000,        333318.8116,         13506.9229,          6922.0941,         10840.2368,         10283.2939,         10247.2432,          9621.9213,         11497.6390,        405068.4791,        403611.5558,        411257.2028,        410297.3156,        406820.7978,         12924.6019,          5627.4075,        115777.3206,         11891.4624,        815100.0166,         11266.6264,         13214.1235,          7933.1961,          8771.1324,          1175.6557,         13801.6572,          7875.3207,          7541.3513,             0.0000,          9304.8007,          7498.0456,          6516.2598,          9074.7134,             0.0000,        337658.1113,         11134.7371,          9977.0275,         13308.6371,         13535.1045,          5907.2948,          5522.3219,         12285.1047,        406006.6363,        404639.2948,        412338.4366,        411134.1682,        407695.4231,         10180.8255,        127415.2175,          2434.7975,        812273.4299,          4079.0819,          6223.5815,         10868.8068,         11930.1149,         13317.7166,          5063.2910,          7835.4801,          8460.9106,             0.0000,         11177.6968,          8423.0055,          9629.4686,          8998.0399,             0.0000,        328487.3302,          4152.8737,          9378.9155,          5517.7558,          7364.8263,         11732.9683,         11732.3713,          8997.5762,        394379.6860,        393004.4059,        400725.2911,        399496.8949,        396156.0877,        118299.6183,          8380.1352,        810342.0961,          8791.1986,         11336.8924,         10381.6281,          8993.6509,          6694.3587,         12420.0797,          3560.4840,          2342.2309,             0.0000,          8633.3457,          2374.5255,          1069.2411,          5358.4896,             0.0000,        333761.9821,          8937.5882,          7886.9703,         11178.5312,         12930.9969,          9017.2049,          8886.3448,         13590.8971,        404398.9167,        403046.6194,        410778.7148,        409488.8362,        406153.0164,        125675.3043,        839446.3540,        124114.4725,        128882.9262,        119261.3084,        122641.1608,        115817.4312,        129476.5367,        120065.4715,        119985.7663,             0.0000,        123362.6376,        119940.5555,        119201.5811,        122697.6860,             0.0000,        439064.1456,        124088.4174,        124415.3372,        128941.6990,        129217.8486,        117399.4159,        117509.3124,        125959.8445,        504497.9437,        503752.2908,        511615.5952,        508967.9822,        505358.3628,        810945.4008,          3309.2996,          7393.3005,         10853.2009,         11773.7123,         12473.6713,          7043.6150,          5741.8818,          6405.0479,             0.0000,         10950.6611,          6365.8221,          7780.3688,          7796.7691,             0.0000,        329227.8009,          3649.4319,          9006.7134,          6715.9925,          9065.0534,         11305.3686,         11345.4562,         10511.0409,        396140.5138,        394783.9519,        402520.2865,        401231.7785,        397918.6033,        813555.2235,        811587.1830,        820276.0157,        811942.2172,        816083.9237,        813944.9425,        810722.9879,        809682.2116,             0.0000,        810813.3809,        809817.1547,        809615.7922,        808182.8571,             0.0000,        655128.2605,        814076.9111,        809469.1552,        811355.1680,        814778.2675,        819278.5725,        819202.7250,        820506.7862,        985078.3894,        984144.2233,        990130.7589,        986965.7608,        990780.9040,          9587.6533,          8504.5884,         13163.7004,         11764.7894,          8426.3562,          5723.7245,          7092.2932,             0.0000,         12640.6731,          6975.8904,          8566.8901,          9905.7442,             0.0000,        332150.1266,           550.0383,         11139.5757,          9008.4308,         10323.6717,          9236.8938,          9434.4380,          9411.5884,        395865.0495,        394536.9420,        402279.0029,        400933.8744,        397588.0382,         13203.1624,          8039.9807,         13353.7069,          3148.3011,         10879.9601,         10506.0934,             0.0000,          7209.3375,         10554.3693,         10684.4848,          7628.5561,             0.0000,        325800.8264,          9546.9147,          5797.1825,           812.2185,          3320.5362,         13714.8868,         13407.4899,          9455.8940,        396185.9538,        394729.1247,        402399.7494,        401395.6694,        398015.9268,         12947.8774,          7635.6876,         11900.1301,          9626.9898,         10622.7753,             0.0000,         13355.3568,         10486.5272,         10945.9833,         13112.8665,             0.0000,        338752.9181,          8058.5247,         13443.5671,         13118.0827,         12187.1002,          2339.9552,          2592.0324,          7184.5041,        399340.7685,        398001.4419,        405700.1339,        404452.0688,        400958.8918,          8718.0163,         10148.6656,         11086.3806,          9944.7808,             0.0000,          1429.9403,         10031.1170,          8776.1045,          6168.7846,             0.0000,        329984.2994,         13086.6992,          3870.3441,          8566.6009,          8827.1219,         12212.4132,         11661.8234,         12118.9181,        403857.5243,        402387.3769,        410038.8879,        409089.5429,        405662.7222,         13841.7213,          8812.0121,          8532.8160,             0.0000,          9407.3121,          8487.9978,          7533.7604,          9746.8008,             0.0000,        338043.9359,         11584.8000,         10304.3683,         13499.6915,         13405.5261,          5641.6366,          5169.0208,         11862.2144,        405946.8570,        404571.5581,        412261.1715,        411087.4472,        407626.4684,         11293.0750,         11411.7203,             0.0000,          9593.6669,         11411.5290,         11910.5166,          9828.5139,             0.0000,        326970.0187,          8262.5315,          8427.8894,          2947.3730,          2566.9253,         12917.7208,         12693.1452,          7192.4660,        393942.3921,        392502.0643,        400175.0104,        399141.3111,        395735.4238,          1791.9831,             0.0000,         10548.4226,          1624.5457,          3411.2457,          6720.1274,             0.0000,        333239.9556,          5979.7328,          9215.2108,         10493.4630,         12461.1172,          8888.4145,          8961.9926,         12634.9257,        401362.9923,        400035.4665,        407784.4025,        406423.4383,        403107.3427,             0.0000,          9332.8286,           179.5720,          1803.2996,          5233.0569,             0.0000,        332473.2644,          7344.0048,          7996.7144,         10193.2963,         12353.6998,          9687.1020,          9651.5741,         13281.3014,        402463.5328,        401119.9146,        408862.4549,        407539.2504,        404228.9011,             0.0000,             0.0000,             0.0000,             0.0000,             0.0000,             0.0000,             0.0000,             0.0000,             0.0000,             0.0000,             0.0000,             0.0000,             0.0000,             0.0000,             0.0000,             0.0000,             0.0000,             0.0000,          9434.1767,          8254.7058,          5071.1796,             0.0000,        328943.0844,         12613.1613,          2513.0894,          7689.8009,          8499.4250,         12688.0539,         12182.3752,         12380.5181,        403301.8742,        401835.1978,        409494.7001,        408524.9459,        405123.3120,          1908.1338,          5380.9208,             0.0000,        332598.6222,          7224.7239,          8112.1332,         10237.3147,         12366.9362,          9556.6921,          9530.0338,         13203.9109,        402398.8947,        401056.8570,        408799.8350,        407473.2810,        404161.5632,          4499.9099,             0.0000,        332711.3429,          8755.1393,          7244.7910,         10499.0558,         12498.7566,          9743.6712,          9606.8044,         13649.8799,        403902.8297,        402545.0665,        410277.6090,        408995.7800,        405672.5895,             0.0000,        328815.5381,         10081.5822,          3265.3655,          7591.4242,         10064.2583,         12347.9432,         12053.6425,         13477.4652,        402732.3006,        401320.8330,        409027.6926,        407880.6650,        404560.0742,             0.0000,             0.0000,             0.0000,             0.0000,             0.0000,             0.0000,             0.0000,             0.0000,             0.0000,             0.0000,             0.0000,             0.0000,             0.0000,        332408.5102,        327742.0878,        325774.6907,        327181.9244,        339397.7303,        339140.8543,        333446.3402,        403986.5259,        400647.6893,        405345.5125,        409255.0860,        410139.9771,         11194.3375,          8992.3584,         10109.8051,          8883.7292,          9080.8141,          8913.7041,        395773.9697,        394443.7445,        402182.1950,        400847.3591,        397490.8087,          6091.0765,          7941.9765,         12940.2396,         12529.4260,         12363.1009,        401909.6178,        400458.8192,        408136.0881,        407107.9524,        403745.8578,          3737.0663,         13668.0435,         13396.1728,          9514.1338,        395837.3188,        394389.4166,        402067.2037,        401035.5552,        397666.5351,         13066.8702,         12726.9668,          7012.2106,        395071.2269,        393603.5591,        401253.7775,        400305.7717,        396864.5571,           670.0224,          8943.0692,        401610.3386,        400273.2956,        407975.7475,        406716.4049,        403234.2679,          8752.2820,        401834.9057,        400489.3236,        408186.6778,        406950.7492,        403464.4006,        394616.3199,        393204.1522,        400862.1539,        399810.0438,        396291.5253,          5576.2182,         10982.4531,          8258.7484,          6924.8326,          8589.8686,         13481.9025,         11009.5352,         15598.2189,         13705.7037,          8589.8686,
   61200.000,      0.0000,             0.0000,             0.0000,             0.0000,             0.0000,             0.0000,             0.0000,             0.0000,             0.0000,             0.0000,             0.0000,             0.0000,             0.0000,             0.0000,             0.0000,             0.0000,             0.0000,             0.0000,             0.0000,             0.0000,             0.0000,             0.0000,             0.0000,             0.0000,             0.0000,             0.0000,             0.0000,             0.0000,             0.0000,             0.0000,             0.0000,             0.0000,             0.0000,             0.0000,             0.0000,             0.0000,             0.0000,             0.0000,             0.0000,             0.0000,             0.0000,             0.0000,             0.0000,             0.0000,          4495.6117,         11505.5124,         13096.3177,         13132.3627,          6237.5220,         12808.7759,         10598.5367,         10440.6934,             0.0000,          8017.1283,          6337.8037,         11998.8970,          5405.4314,        128020.0140,         12294.7141,        815956.4738,         10332.9391,         10218.0606,         11524.5740,          6729.8558,          6255.8812,         11872.9585,          7722.2458,          7635.7172,             0.0000,          6244.5566,          6546.6832,          6424.8579,          7878.0532,             0.0000,        339128.6520,          9556.7806,          5170.7750,         10505.2516,         12608.2725,         10247.6697,         11504.4053,         12366.4018,        393374.1407,        392561.3370,        401764.7002,        397803.5688,        396227.9091,          8381.4749,         11659.2454,         13537.4538,          8929.9814,         11641.9630,          7110.0185,          9840.7193,             0.0000,          9425.7614,          2513.1572,         11196.2434,          8910.6220,        127976.5474,         13511.3069,        811529.9835,          9638.4564,         12691.3816,          8656.8660,          8842.9509,          2288.9263,         13490.9806,          9901.6143,         10381.2835,             0.0000,          8997.5952,          6046.3049,          9810.4771,         11130.8710,             0.0000,        337953.6923,          9253.4103,          8204.5849,         12864.2345,         13793.1555,          6783.4468,          8578.5778,          9657.8483,        396098.3763,        395230.6107,        404451.7596,        400575.8697,        398987.2379,          5940.1808,         10495.0471,         12540.6041,          6736.9401,          1840.2434,          8452.1822,             0.0000,         11804.2461,          6868.1332,          7774.5752,         13183.2243,        122581.9943,         11742.5788,        806782.4418,          8341.5666,         13436.9707,          2971.8922,         12369.1555,          6939.8326,         12480.1919,         12321.5578,         13036.5259,             0.0000,         12888.1125,          9246.4401,         13417.9405,         13844.2047,             0.0000,        330164.2991,          8915.1679,         12427.5108,         13370.2215,         11814.6773,          2845.1091,           881.0376,          1765.3312,        403753.0978,        402872.8099,        412083.5470,        408296.1938,        406631.2110,          8500.6389,         11133.3547,          1255.3262,          7562.5544,          5576.2044,             0.0000,         13239.7529,         10124.1968,          3267.9968,         12222.9708,        121226.5345,          7605.2645,        809102.0616,          5696.9587,         10989.3672,          7682.7801,         13676.3005,         10310.9950,          9863.9343,         10127.4029,         10897.1474,             0.0000,         13744.0553,          9419.9075,         12013.7843,         12554.9752,             0.0000,        327550.0542,          6524.2688,         11523.5179,         11000.9145,          8547.8114,          8382.5781,          5856.6206,          5233.2463,        403707.7200,        402865.9830,        412043.4459,        408294.2991,        406536.3464,         12019.2768,          8888.3353,         11190.8086,         11440.5710,             0.0000,          8502.6803,         13578.4621,          9901.6477,         11721.8327,        115859.6350,          5887.1121,        815306.2421,         11637.8328,          6773.0089,          9500.4109,          9503.5178,         13614.8964,          3902.7290,         11484.7439,         10920.7531,             0.0000,          9731.8304,         13482.8577,         11004.7638,          8847.5572,             0.0000,        326292.1317,         11713.8871,         11982.1137,          6220.7145,          3467.5375,         11073.8676,          9756.9509,          9269.2562,        404216.2210,        403493.4736,        412652.7297,        408612.3998,        406993.6748,         10333.6473,         12541.0275,          7163.5374,             0.0000,         10795.6437,          9155.9868,          8875.6421,          2114.6241,        127495.2523,          8463.2291,        817411.2961,          7204.0938,          7306.8601,         13412.6906,          9716.8556,          9281.8089,          9633.7163,          1741.3855,          2025.4220,             0.0000,          8717.2510,          5546.3749,          2577.6329,          6166.3324,             0.0000,        336743.9230,          6151.3713,          1161.1765,          7916.0646,          9969.1330,         12688.3681,         12554.2287,         13004.1512,        393181.1810,        392390.4604,        401561.5626,        397686.7577,        395990.6275,          8252.6998,          4539.5366,             0.0000,         13473.7292,         10088.4519,          2064.0688,         11564.5873,        122010.3009,          7103.6836,        809716.0955,          4698.6447,         10591.5969,          8601.6252,         13766.3493,         10296.2765,          9753.6508,          9219.3453,         10079.2892,             0.0000,         13708.4154,          8778.9128,         11344.6232,         12158.5179,             0.0000,        328159.2581,          5531.3415,         10821.1367,         10679.0874,          8438.8308,          9082.4109,          6729.5999,          6249.6890,        402715.2616,        401874.5183,        411048.2604,        407313.4922,        405539.4828,          9318.5551,             0.0000,         11125.9526,          5832.7708,          9050.9037,         13001.2630,        123336.0427,         12662.2257,        807001.1811,          9173.1477,         13781.1069,          2692.2526,         11632.7385,          5838.4234,         13028.3849,         12577.0672,         13226.3057,             0.0000,         12237.9750,          9109.9472,         13362.8222,         13782.2183,             0.0000,        331568.0235,          9582.8195,         12271.0290,         13717.2512,         12596.1452,          1185.7126,          2100.9699,          3258.2900,        402930.0424,        402046.3844,        411264.7132,        407450.7699,        405818.4258,             0.0000,         13696.8391,          8259.4277,          2649.4295,          8903.1774,        126126.2427,          8069.7181,        811170.7561,           336.2947,         10435.4204,         10594.9540,         13417.3110,          8521.6431,         10928.7041,          6099.6769,          7507.2092,             0.0000,         13029.1212,          5063.2821,          8990.2455,         11137.0120,             0.0000,        332347.3738,          1153.0451,          7822.7289,         10797.3288,         10095.4953,         10094.4032,          8723.8073,          8848.1904,        398320.8165,        397463.3317,        406640.4704,        402943.1782,        401154.0572,             0.0000,             0.0000,             0.0000,             0.0000,             0.0000,             0.0000,             0.0000,             0.0000,             0.0000,             0.0000,             0.0000,             0.0000,             0.0000,             0.0000,             0.0000,             0.0000,             0.0000,             0.0000,             0.0000,             0.0000,             0.0000,             0.0000,             0.0000,             0.0000,             0.0000,             0.0000,             0.0000,             0.0000,             0.0000,             0.0000,             0.0000,             0.0000,             0.0000,             0.0000,         11021.9273,         13722.2377,          9380.0522,        120407.1916,         11097.2964,        817453.6041,         13732.6825,          8337.8999,         10067.3851,          1739.0114,         10892.6464,          8319.7442,         11547.3980,         10658.7721,             0.0000,          2971.0880,         12379.5173,          9302.2003,          6961.2825,             0.0000,        333643.0626,         13319.6968,          9965.0660,          8029.2384,          9543.4481,         10344.0003,         11234.3570,         11652.0429,        398963.3202,        398233.4081,        407422.1563,        403260.9044,        401779.4219,          9626.8603,          9680.0254,        128134.6898,         13176.1128,        809718.2807,          8012.5302,         13207.7435,          7943.7593,         10626.5504,           294.3796,         13793.5562,          9761.8361,         10593.0619,             0.0000,         10754.1351,          4932.0480,         10504.2101,         12153.1307,             0.0000,        336840.5412,          7826.6598,          8715.0511,         13405.5562,         13772.9790,          5911.3711,          7276.1055,          8349.8860,        397125.5694,        396233.7467,        405454.0497,        401658.0099,        400019.2708,         10353.6111,        123711.9286,          6964.5551,        810587.3822,          2867.9480,         10227.2193,          9803.8712,         13755.0424,          9863.6701,          9993.1038,          7658.9267,          8731.8923,             0.0000,         13512.4917,          7385.0648,         10192.7633,         11573.5926,             0.0000,        329737.8563,          3683.6317,          9495.2609,         10452.6589,          8823.6051,          9875.5908,          7892.5290,          7667.7910,        400778.7580,        399934.5195,        409106.1043,        405392.6106,        403601.7260,        126841.9025,          8852.7732,        818743.2237,          8948.2527,          6575.4666,         13604.9133,          8131.8300,          9746.0141,          9132.4385,          3530.1939,          2655.5703,             0.0000,          6996.2041,          6958.4627,          1251.4258,          4631.7146,             0.0000,        337177.5740,          7953.7274,          1377.7053,          7141.7828,          9835.5746,         12958.6007,         13093.7572,         13579.0821,        392883.1381,        392115.2936,        401286.7253,        397337.7751,        395687.3735,        119777.3759,        832783.3698,        126356.3199,        120512.7171,        120741.1865,        121906.4831,        128102.0152,        117873.3769,        126817.4816,        125958.5371,             0.0000,        122569.2910,        129172.9501,        125884.1924,        122596.9194,             0.0000,        235420.4474,        126790.5609,        127467.9532,        119853.9401,        117654.0486,        123046.2058,        121809.5667,        120897.9526,        502556.5287,        502668.5176,        511523.0262,        505869.4498,        504837.2224,        816632.4429,          8361.2945,          4556.0905,         12146.4442,         11203.9477,         13311.3789,          3957.6893,          7295.6046,          6917.9993,             0.0000,         10715.3988,         10949.4827,          7922.7757,          7323.2325,             0.0000,        328409.5093,          8219.3515,          8948.2490,          4628.8134,          2818.0918,         12929.9203,         11352.7347,         11008.6906,        400410.1017,        399673.0814,        408817.0389,        404895.2848,        403173.6919,        810983.7640,        819836.3503,        807763.5181,        818219.7719,        809760.5053,        818342.8375,        816980.4310,        818383.9431,             0.0000,        819040.7317,        812097.4266,        819274.7714,        820554.6337,             0.0000,        798946.3375,        811900.7218,        817552.3215,        819770.6478,        817092.7463,        807499.0439,        807259.9912,        807140.7699,       1081453.3339,       1076888.8941,       1085072.7400,       1089202.8508,       1085940.1175,         10648.8520,         10524.9113,         13441.5965,          8278.3706,         11159.8205,          6202.9511,          7634.8692,             0.0000,         13064.8946,          4833.3711,          9080.7280,         11273.2506,             0.0000,        332564.8641,          1103.9976,          7838.0142,         11010.9401,         10349.7534,          9956.9148,          8641.3044,          8801.7309,        398228.8700,        397367.1278,        406546.1533,        402853.2987,        401065.4435,         13189.3923,          8061.8273,         13268.4708,          3091.0494,          6966.7167,          5654.8804,             0.0000,          7262.8895,         11322.0587,          5465.2757,          3187.2297,             0.0000,        331326.0602,         10111.8157,          7338.0618,           725.7744,          4251.0470,         13698.4594,         12988.2646,         12961.8862,        397728.6325,        397026.8235,        406173.5443,        402127.1340,        400487.3119,         10942.7964,          7913.5309,         11930.6564,         13391.7139,         13762.5179,             0.0000,         11728.7073,         10929.0541,         13773.3863,         13463.1182,             0.0000,        329728.4972,         10930.4957,         13104.8613,         12987.1054,         11527.3814,          2350.0732,          2305.5074,          2782.4613,        404617.3128,        403764.3332,        412977.1027,        409093.3510,        407490.8957,         10499.4054,          8682.7924,         10659.4199,          9712.5452,             0.0000,          1396.2904,         11641.8202,          8157.6887,          6085.7019,             0.0000,        335119.8229,         12904.7529,          8796.5399,          7885.7336,          9985.8873,         10905.2710,         11891.9568,         12401.5698,        397246.7293,        396514.4707,        405702.9736,        401551.4660,        400063.2583,         13848.2892,          9923.5020,         10718.3153,             0.0000,         10650.8783,          5166.3898,         10576.9335,         12169.0499,             0.0000,        336936.0755,          8085.5251,          8808.6837,         13457.3936,         13856.4158,          5860.4816,          7330.0989,          8418.3766,        397121.6985,        396230.7502,        405452.0306,        401648.3763,        400016.3851,          9101.5153,          8140.3886,             0.0000,          8348.3841,         12594.9581,          8162.0038,          5755.3571,             0.0000,        328575.1678,         10909.6928,          9671.7988,          2510.7598,          1783.6542,         12941.3674,         11893.0999,         11637.8038,        400810.3790,        400110.2275,        409257.3884,        405202.3787,        403568.7531,          1714.4732,             0.0000,          9716.4268,          5804.1401,          3436.9626,          6617.5061,             0.0000,        335393.3396,          5187.5536,          2827.3311,          7596.1911,          9172.8718,         12850.5304,         12333.1803,         12647.2123,        394110.9283,        393320.3888,        402484.7904,        398640.2601,        396912.4031,             0.0000,          8656.6370,          7128.4821,          2041.4248,          5081.2699,             0.0000,        335297.8523,          6680.0040,          2699.6819,          6321.0884,          8489.8185,         13374.0596,         12944.3147,         13234.0941,        393985.0439,        393219.8078,        402379.7505,        398476.1936,        396774.9797,             0.0000,             0.0000,             0.0000,             0.0000,             0.0000,             0.0000,             0.0000,             0.0000,             0.0000,             0.0000,             0.0000,             0.0000,             0.0000,             0.0000,             0.0000,             0.0000,             0.0000,             0.0000,         11197.9765,          6986.1299,          4932.0275,             0.0000,        335625.8418,         12439.9276,          7790.1528,          7178.5859,          9719.4757,         11606.5695,         12454.7467,         12955.7280,        396212.1628,        395484.8115,        404668.3070,        400526.4552,        399021.4610,          7734.8350,         10540.9460,             0.0000,        336922.2243,          4139.1544,          5631.5976,         11746.3239,         12438.9549,          9532.4770,          9616.0815,         10312.3878,        394906.5927,        394034.3617,        403231.5223,        399487.7596,        397767.5346,          3761.0481,             0.0000,        336240.1560,          8127.5848,          2312.1061,          6070.3037,          8898.1862,         13332.7417,         13269.2230,         13656.2206,        393426.1813,        392673.2208,        401837.7597,        397873.7286,        396218.5751,             0.0000,        334283.4053,         10534.2158,          5751.8086,          3493.3794,          7095.0287,         13538.6289,         13464.1152,         13710.6171,        395438.0340,        394729.0329,        403887.3181,        399810.1011,        398212.4198,             0.0000,             0.0000,             0.0000,             0.0000,             0.0000,             0.0000,             0.0000,             0.0000,             0.0000,             0.0000,             0.0000,             0.0000,             0.0000,        333380.0731,        337225.1435,        330851.2902,        327481.6304,        331888.6525,        329719.4392,        328575.6842,        712050.3869,        712000.6324,        720497.7391,        716635.0502,        714020.8873,          6813.7934,         10523.2511,         10245.5230,         10274.3576,          9184.3195,          9423.6133,        397263.8700,        396409.6607,        405587.8227,        401876.2213,        400097.5335,          7901.6429,         10163.8437,         12318.1063,         12417.5097,         12937.1779,        393054.4106,        392265.7920,        401441.4224,        397538.6207,        395868.6856,          3871.0352,         13601.2028,         12880.7146,         12822.6991,        398307.9610,        397610.5769,        406757.4410,        402695.7660,        401065.7015,         12651.4105,         11247.2622,         10855.7195,        401793.7454,        401079.3412,        410225.5547,        406220.6927,        404554.2247,          2808.0878,          3903.8073,        402834.6344,        401959.5758,        411179.9418,        407328.7129,        405723.3897,          1182.5050,        404084.2420,        403216.0146,        412424.4974,        408610.3242,        406956.4609,        404960.2447,        404098.0457,        413302.1182,        409490.2534,        407825.4526,          6230.2383,          9689.1983,         10640.0016,          4995.2362,          9500.7320,         15719.1303,         10615.8193,         14918.1270,          9875.9830,          9500.7320,
   64800.000,      0.0000,             0.0000,             0.0000,             0.0000,             0.0000,             0.0000,             0.0000,             0.0000,             0.0000,             0.0000,             0.0000,             0.0000,             0.0000,             0.0000,             0.0000,             0.0000,             0.0000,             0.0000,             0.0000,             0.0000,             0.0000,             0.0000,             0.0000,             0.0000,             0.0000,             0.0000,             0.0000,             0.0000,             0.0000,             0.0000,             0.0000,             0.0000,             0.0000,             0.0000,             0.0000,             0.0000,             0.0000,             0.0000,             0.0000,             0.0000,             0.0000,             0.0000,             0.0000,             0.0000,          4570.9891,         13563.7535,         13218.2416,         10017.9396,          5445.7169,         13050.8705,         11528.3885,         10789.4832,             0.0000,          7573.4928,         10221.2157,         11960.4669,          4058.8401,        122710.8154,          8868.1060,        806288.7633,         10648.9260,          8305.9423,         10755.0076,          4352.5542,         10632.8589,          9062.3256,          6927.8588,          6174.3170,             0.0000,          2752.1680,          7464.7673,          4346.8577,          2625.1924,             0.0000,        335943.9252,          8955.9809,          8729.7399,          7459.6037,         12276.8850,         10454.5480,         11854.2127,         13521.3082,        403651.7704,        402393.9280,        411614.7591,        406100.2011,        407126.4217,         12028.1046,         13638.8352,         12290.6340,          9140.8374,         13812.6473,          9034.9424,         12109.8167,             0.0000,          6459.2301,          6589.5281,         11813.1301,          8186.4171,        122700.4956,         11789.1710,        807961.0164,         11614.7995,         11210.5347,          9249.6283,          1878.4425,          7152.8184,         11998.4600,         10321.6000,          9891.0343,             0.0000,          1922.6284,          6034.7222,          8438.8640,          6737.0767,             0.0000,        332099.8781,         10813.4473,          7772.3836,         10777.4413,         13710.7844,          8005.0407,         11058.1316,         11918.5285,        400931.8331,        399740.7582,        408903.6304,        403325.5271,        404403.6993,          6773.0059,         11413.4427,         13102.8475,          7091.5656,          7215.7550,          8925.3776,             0.0000,         11591.3820,          7350.0705,          6235.4513,         13620.3824,        121281.3454,         12137.5116,        819728.7074,          8725.5188,         11784.6874,          9043.2866,         12448.5332,          6822.5104,         11785.4932,         12617.8363,         13120.5021,             0.0000,         12872.2610,         10097.8647,         13634.5968,         13847.4716,             0.0000,        327142.5164,         10367.5374,          8858.0584,         12471.9714,          8458.7706,          8662.4628,          7634.2645,           265.6817,        398186.9420,        396996.3960,        406089.7554,        400274.3446,        401637.4175,          6131.3563,         11342.5356,          1610.8649,          9057.4976,          8758.6326,             0.0000,         10946.9178,         11758.6037,          8902.0372,         11764.8259,        124992.1934,          7658.6031,        818354.3701,          9537.2127,          9631.1096,          8506.9929,         13280.7986,         11587.9094,          7951.0034,         10399.5943,         10600.4892,             0.0000,         13607.8405,         13217.7650,         11458.7906,         12185.3932,             0.0000,        329897.3843,         10097.1322,         12160.5900,          9933.6088,          3930.4123,          9798.8582,          5690.3309,          7010.3354,        398364.3387,        397050.3320,        406250.1929,        400554.7130,        401819.7519,          7605.8572,          5910.6026,         11265.4238,          9196.1390,             0.0000,          9537.1755,         13553.1393,         11244.0775,          7570.5028,        126198.7059,          2366.9929,        812786.0397,         10192.3755,          6921.1354,          9408.9805,         11494.5239,         13657.3593,          4099.6644,          6823.7107,          6355.4342,             0.0000,         11412.7567,         13206.9683,          7017.4310,          8018.5012,             0.0000,        334379.4067,          9176.1425,         12760.3981,          6315.3893,          5286.9500,         10985.8200,          7839.6959,         11573.3375,        400931.4597,        399557.9896,        408835.2784,        403286.5529,        404397.3174,         10571.9732,         13553.1742,          7149.9033,             0.0000,         10822.9561,         12695.0416,          9846.1017,          1921.0453,        120723.0746,          5545.2537,        808537.4093,          7499.7678,          3293.2666,         12686.5605,          9172.3443,         12818.6414,          4717.7197,          1660.6515,          1470.4885,             0.0000,          7789.8288,          8733.2285,          2298.7710,          4399.3431,             0.0000,        338637.7760,          5144.1813,          8761.5313,          2318.9394,          8933.7580,         12999.0164,         12441.0929,         13125.4770,        406511.0740,        405207.8400,        414445.3544,        408893.2261,        409980.6211,         10165.0393,          7487.7803,             0.0000,         11730.1314,         12227.0228,          8032.3290,         11227.6412,        123752.0547,          7048.2417,        818187.1138,          8385.6943,          8509.5609,          9700.0618,         13580.6266,         12014.9578,          6970.6622,          9469.6414,          9837.4992,             0.0000,         13673.9700,         12860.8367,         10960.6616,         11978.0533,             0.0000,        331271.8574,          8952.3894,         11650.3383,          8965.1120,          2426.2582,         10857.5852,          7058.1375,          7317.4630,        399932.4051,        398616.5446,        407815.7575,        402113.9193,        403387.1690,         13169.3623,             0.0000,          6039.1493,          5602.9199,         11652.0106,         13030.6084,        126742.2535,         12423.0850,        815406.5763,         13060.3617,         13815.6589,          3093.6327,          8606.2426,          5868.4512,         13139.7971,         13731.1124,         13475.8679,             0.0000,         10044.0587,         11099.0775,         12888.6806,         11906.3516,             0.0000,        325107.8793,         13492.8593,         11263.9729,         13719.1329,         11676.8922,          1807.0079,          4483.9423,          7200.1657,        394090.4344,        392880.0200,        402026.0531,        396350.8318,        397552.8686,             0.0000,         13693.3097,         11853.3243,          3804.7604,          8740.7086,        117226.9395,          8114.7137,        815221.4980,          1369.9882,          4560.5221,         13472.7329,         12730.5987,         11539.1812,          6323.4590,          6102.6785,          7363.8221,             0.0000,         11823.0587,          8504.5746,          8954.1550,         10550.0602,             0.0000,        336061.6570,          2423.9974,          6838.7955,          5956.4042,          5880.3855,         13581.4948,         12123.5896,          8960.9107,        406302.6437,        405049.4463,        414205.8985,        408475.1174,        409758.4328,             0.0000,             0.0000,             0.0000,             0.0000,             0.0000,             0.0000,             0.0000,             0.0000,             0.0000,             0.0000,             0.0000,             0.0000,             0.0000,             0.0000,             0.0000,             0.0000,             0.0000,             0.0000,             0.0000,             0.0000,             0.0000,             0.0000,             0.0000,             0.0000,             0.0000,             0.0000,             0.0000,             0.0000,             0.0000,             0.0000,             0.0000,             0.0000,             0.0000,             0.0000,          8381.6321,         13665.5917,          9552.9237,        128263.6944,         10228.1429,        809783.4088,         13758.4725,         12336.1994,          4206.1795,          4910.2414,          8976.4047,         11458.3977,         11498.8283,         10672.7370,             0.0000,          6497.9900,         11076.9547,          9295.9582,          7576.5286,             0.0000,        329200.8972,         13053.4002,         11961.1691,         11613.5481,         12368.1307,          4373.1271,          6591.1344,         11595.5780,        396194.3483,        394926.2824,        404149.2626,        398624.8370,        399667.4446,          9643.1729,         12455.5796,        121896.4491,         13798.2990,        814147.5220,         11180.4504,         13197.2764,          7955.2190,          7400.3336,           773.3619,         13788.5404,         13156.3126,         13218.5476,             0.0000,          8224.4622,          6797.8569,         12626.3417,         11677.9232,             0.0000,        327112.7666,         11812.9796,          7284.0461,         13374.7631,         13005.1913,          5962.5444,          9177.3781,          7162.3977,        397830.4815,        396694.5273,        405781.0352,        400051.2044,        401291.2576,         11086.4368,        116624.3219,         10742.5301,        817302.0889,          3051.2813,          7946.2668,         12801.5118,         12703.2540,          9140.2144,          9373.0925,          9182.0160,         10233.5603,             0.0000,         12137.4198,          7509.7942,         11333.1991,         12324.9946,             0.0000,        332965.8663,          5387.2708,          5466.9698,          9138.0105,          7507.0005,         12438.7008,         11588.7958,          6196.7776,        404395.1403,        403198.4371,        412300.2468,        406497.2077,        407846.8006,        122211.0018,          5748.4945,        807387.9179,          9037.8887,          5014.3140,         11907.0023,          7927.9901,         12691.9521,          5628.7887,          3324.6400,          2275.0970,             0.0000,          6614.1745,          9063.8186,           714.2898,          2549.9333,             0.0000,        338096.7337,          6833.5923,          9479.9246,          3815.0799,          9865.4483,         12242.7222,         12027.9581,         13639.1871,        405432.2206,        404123.8302,        413374.5431,        407859.3848,        408904.6634,        124534.6281,        837945.8830,        116415.2700,        119662.5916,        128663.9310,        124468.1542,        121379.6740,        122448.0139,        120539.3237,        121780.0930,             0.0000,        122997.7074,        117215.2159,        122842.2929,        124029.1186,             0.0000,        399156.2215,        117257.4937,        116396.9414,        120803.6196,        122436.5928,        127429.3525,        128086.1967,        121140.9585,        501171.1837,        500924.3856,        508973.3139,        501811.8723,        504500.3582,        811458.5570,          9111.3586,          4944.5917,         10804.0292,         11176.8212,         13896.0269,          2137.0078,          4661.5276,          4191.5344,             0.0000,         10690.4183,         12272.3600,          5234.7075,          6785.6872,             0.0000,        336378.2184,          7633.7556,         11858.1366,          4131.4649,          5667.0717,         12054.4819,          9578.0924,         12266.2238,        403146.9177,        401780.4366,        411056.1757,        405514.1282,        406613.8833,        815110.9475,        811441.7273,        813885.2863,        807536.6883,        814771.9748,        811990.6343,        809832.2607,        808930.9473,             0.0000,        806887.0111,        811141.4823,        807485.8581,        806525.2869,             0.0000,       1033958.0780,        812821.3964,        812938.3110,        810305.4489,        816899.0420,        813671.8111,        815982.1157,        819659.5576,       1015888.8387,       1014047.9767,       1022713.1423,       1025952.9601,       1018739.3325,          5353.0575,         13624.1137,         12420.0707,         10833.6077,          7391.2308,          6704.8357,          7947.9758,             0.0000,         11471.1384,          7478.3786,          9334.7084,         10745.4416,             0.0000,        335780.4373,          2522.7402,          5685.3366,          6690.7128,          7017.1843,         13495.4692,         12487.1413,          8720.9320,        406461.5930,        405232.0308,        414370.1268,        408623.1549,        409917.0673,         13181.3725,         11376.2795,         13144.0707,          3054.2210,          1773.8320,          3113.1143,             0.0000,         10230.1046,          9487.5411,          5123.6974,          7267.8787,             0.0000,        338334.7384,          3193.6059,          8734.9706,          1498.5656,          6477.7795,         13664.0518,         12194.8207,         11843.4496,        406799.9574,        405491.3700,        414714.5641,        409101.9618,        410263.8546,          8253.6656,          8327.4176,         11959.1374,         12869.7092,         12349.1672,             0.0000,          9729.7635,         12260.6959,         11615.4890,         10555.7028,             0.0000,        326393.5602,         13585.6164,         12535.2163,         12800.4692,         11095.7843,          2347.7205,          3061.6384,          9094.7335,        394031.8638,        392768.3002,        401966.5135,        396364.5608,        397498.3933,          8026.2619,         11711.9428,         10347.2445,          9689.7655,             0.0000,          1993.1687,          7661.7187,          8034.4491,          6029.4007,             0.0000,        331846.6017,         11467.1102,          9211.2758,         10745.7036,         13571.9828,          7298.4771,         10258.5909,         12370.9398,        399911.3659,        398693.6209,        407882.5117,        402341.2566,        403385.2443,         13794.8657,         13204.5766,         13347.0294,             0.0000,          8744.3356,          6731.8759,         12874.3419,         12054.7353,             0.0000,        327068.8074,         11619.1513,          7012.9174,         13406.8800,         12804.3032,          6417.7988,          9318.5127,          6620.4268,        398048.8189,        396917.2768,        405995.8064,        400247.3993,        401508.1167,          3349.2633,          3561.3574,             0.0000,         10961.3358,         11447.7848,          5333.5481,          7323.5144,             0.0000,        337279.1299,          5826.0569,         10785.9062,          2671.3412,          5044.5767,         12940.9917,         10642.2720,         11900.2341,        404774.6805,        403425.9366,        412681.1992,        407102.0466,        408239.3482,          1442.0736,             0.0000,          9114.8222,          9406.4842,          3439.5887,          5697.4216,             0.0000,        338636.0383,          4376.9249,          9058.3998,           715.4366,          7621.7098,         13349.0925,         12223.6547,         12665.4879,        406604.4571,        405290.0134,        414528.2154,        408955.9152,        410071.6703,             0.0000,          8521.0858,          9849.4889,          2182.2908,          4544.4014,             0.0000,        338474.2295,          5690.8438,          9764.7668,          1688.6986,          8165.2063,         12924.8018,         11894.0445,         13171.8130,        405914.2729,        404588.4762,        413842.5268,        408303.3303,        409383.8011,             0.0000,             0.0000,             0.0000,             0.0000,             0.0000,             0.0000,             0.0000,             0.0000,             0.0000,             0.0000,             0.0000,             0.0000,             0.0000,             0.0000,             0.0000,             0.0000,             0.0000,             0.0000,          6686.9777,          6859.8568,          5004.0944,             0.0000,        333670.8428,         10277.7387,          8321.7090,          9603.5493,         13320.9634,          8904.2170,         11356.7833,         12791.8651,        401901.4740,        400681.5911,        409872.0649,        404330.6919,        405375.3410,          9569.8511,          9336.9237,             0.0000,        333620.6134,          7450.6514,          2167.1673,          9865.5483,         12347.9930,         11020.0770,         12860.1228,          9938.5444,        404544.6109,        403393.8847,        412497.6286,        406792.9114,        408007.3270,          2419.7273,             0.0000,        337909.6879,          7169.7047,          9951.8525,          3818.4541,          9635.0534,         12077.6416,         11687.1253,         13665.2623,        405005.6075,        403687.0816,        412946.0387,        407439.6277,        408478.2950,             0.0000,        336617.9434,          8821.3479,         10170.7879,          6089.8692,         11062.4653,         10833.2449,         11240.3365,         13855.4123,        403516.9705,        402213.5675,        411469.3737,        405984.3167,        406992.1034,             0.0000,             0.0000,             0.0000,             0.0000,             0.0000,             0.0000,             0.0000,             0.0000,             0.0000,             0.0000,             0.0000,             0.0000,             0.0000,        337373.5534,        333618.0396,        338507.6396,        333664.1395,        325873.7636,        326864.8144,        327116.1673,        174634.1502,        179121.4145,        179161.4065,        167779.9749,        176176.2188,          6220.5903,          4471.6209,          7220.5609,         13602.6654,         12680.4852,         10374.2738,        407195.6514,        405940.2374,        415111.9836,        409427.4982,        410655.7076,          9413.6938,         11082.0074,         11479.3227,         12629.4991,          8707.1897,        404912.4485,        403756.4072,        412852.5142,        407109.9636,        408371.6038,          7055.3564,         13384.2359,         11998.5051,         12533.8195,        406396.9109,        405074.4817,        414316.4412,        408741.5315,        409863.4673,         12154.4720,          8786.2843,          8646.0427,        402243.1690,        400917.3918,        410128.1840,        404444.8758,        405699.2526,          4838.8135,          8645.4136,        394276.7015,        393054.8411,        402220.7211,        396591.0272,        397742.6798,          7767.2085,        394663.6422,        393376.6986,        402578.5573,        396942.4048,        398125.9672,        398233.7838,        397047.6033,        406137.8396,        400320.4191,        401684.2821,          7358.5946,          8347.3296,         12240.2841,          3551.1754,         11361.9487,         17148.4476,          8936.3337,         12165.1303,          4947.5546,         11361.9487,
   68400.000,      0.0000,             0.0000,             0.0000,             0.0000,             0.0000,             0.0000,             0.0000,             0.0000,             0.0000,             0.0000,             0.0000,             0.0000,             0.0000,             0.0000,             0.0000,             0.0000,             0.0000,             0.0000,             0.0000,             0.0000,             0.0000,             0.0000,             0.0000,             0.0000,             0.0000,             0.0000,             0.0000,             0.0000,             0.0000,             0.0000,             0.0000,             0.0000,             0.0000,             0.0000,             0.0000,             0.0000,             0.0000,             0.0000,             0.0000,             0.0000,             0.0000,             0.0000,             0.0000,             0.0000,          1867.2021,         13286.7679,          9725.5387,         10537.4464,          3775.8625,          9856.5559,          7566.6738,         10056.9802,             0.0000,          8172.2185,          8066.8035,         11927.8334,          2184.6152,        117186.7936,          6751.4857,        817166.7040,         10460.7480,         11754.8840,          6940.2610,          8074.8051,          9225.1498,         11478.1309,          5015.5403,          4051.4189,             0.0000,          8139.7120,          6671.1946,          2056.9769,          4369.4428,             0.0000,        334282.4245,          7355.2371,          9811.2751,         10883.6070,         13484.7288,          6398.6718,          8006.3171,         13719.4989,        405464.0720,        402948.3562,        407041.8476,        404245.7170,        409254.1604,         13411.8178,         10730.5727,         11651.5062,          5238.8566,         10952.3439,          7211.2492,         11089.8809,             0.0000,          6911.2525,          6646.3394,         12167.2349,          3616.6309,        117191.1489,          8167.0023,        818265.4882,         11297.4949,         12124.9169,          7390.0955,          6559.5273,          7882.3707,         12230.2787,          6498.4400,          5535.3456,             0.0000,          6862.4379,          6024.9372,          3301.1017,          3956.0844,             0.0000,        332467.4581,          8538.8546,          8550.4190,         11443.6153,         13786.3881,          6271.4073,          9033.2889,         13768.3741,        406597.9334,        404053.0478,        408181.3053,        405405.1282,        410378.1428,          7103.3627,          7754.2381,         13033.5385,          7265.8129,          9769.9298,          9637.8011,             0.0000,         10669.8766,         11141.2696,          9355.9045,         13390.7326,        125369.3404,         11737.0876,        807929.8046,          9911.7106,          9326.8369,          9623.4421,         12533.7073,         10456.4587,          8482.6368,         12576.4801,         12979.3628,             0.0000,         12837.1078,         13518.4040,         13484.9845,         13839.8313,             0.0000,        333700.6215,         11610.4675,         11229.5289,         10131.3998,          4096.5064,         10409.4516,          8319.7716,          2078.3948,        402751.5263,        400238.9564,        404575.1315,        401919.5741,        406722.2346,          4539.4288,          9109.8525,          1254.9764,          8101.7525,          7581.6089,             0.0000,         11161.3134,         11778.1290,         10998.4307,          9680.4262,        120666.8406,          7702.5466,        807795.4504,          8851.6804,         10517.3109,          5701.6149,         13488.7740,         11960.0482,          8314.2191,          8480.3209,          8982.2679,             0.0000,         13681.8885,         12967.1775,          9980.3635,         12039.4752,             0.0000,        338812.6412,          8474.8632,         13457.3060,         10165.4677,          8202.7420,          7729.8775,          2163.6715,          8419.4466,        402578.5384,        400163.3157,        404302.2768,        401531.8608,        406523.5124,          8378.7423,          3340.1636,         11328.0573,          3541.1147,             0.0000,         13229.5705,         13520.8328,          7753.2501,          9579.9944,        124305.2898,          5637.5582,        808753.3299,          4919.5769,          7065.3292,          9304.8335,         13684.9157,         13625.3798,          4298.0536,          7263.6390,          8157.2350,             0.0000,         13244.8074,         11858.7426,          9886.0251,         11433.4795,             0.0000,        338909.5581,          5837.1070,         13282.2281,          6521.8799,          6353.2039,         10888.8036,          5889.5762,          8007.8376,        398459.5854,        396008.4070,        400174.1916,        397420.8818,        402380.3714,          8754.3731,         10074.3397,          7128.9530,             0.0000,         10881.6883,         10743.8648,          9842.2761,          1721.3886,        119828.8415,          3352.4585,        816148.9670,          7565.5070,          9479.4921,          8685.6914,          9763.7555,         11620.8895,          8926.7996,          1407.1987,           318.0693,             0.0000,          9131.0058,          6541.0856,          2075.2971,          4692.6525,             0.0000,        336182.6027,          3937.0369,         10882.7040,          8244.9236,         12199.1893,          8972.5716,          7978.7498,         13170.5671,        401710.5927,        399203.7837,        403288.0475,        400487.8319,        405504.4094,          9048.1487,          6499.8131,             0.0000,         11834.9587,         12365.0739,         10232.0636,          9531.2080,        121554.5790,          6940.6578,        807882.4663,          7838.7805,          9687.1573,          6673.9257,         13655.8132,         12543.5583,          7304.8411,          7961.9297,          8592.2764,             0.0000,         13670.9264,         12722.0870,          9850.1600,         11875.5268,             0.0000,        339145.8208,          7651.8328,         13547.8369,          9260.7733,          7717.1100,          8617.7283,          2989.7542,          8335.0465,        401363.0895,        398944.0366,        403082.6308,        400312.4458,        405303.0742,         12727.1920,             0.0000,          4384.6152,          5348.0081,         13884.3210,          9206.7397,        116384.0015,         11305.8520,        812912.3473,         13319.7196,         13846.0604,          3147.1281,          9244.9561,          5893.7979,         13246.5694,         10605.2318,         10212.7033,             0.0000,         10504.5602,         11361.0698,          9191.9370,         10269.1275,             0.0000,        332899.9341,         11909.7402,         10082.7953,         13741.1515,         12235.8352,          1489.6565,          6566.8588,         11025.7274,        409580.3127,        407089.7262,        411273.1811,        408526.4254,        413467.3216,             0.0000,         13693.7410,         13700.5757,          5420.8491,          8564.5176,        125721.7373,          4152.5514,        811586.6258,          1618.8561,          4623.1084,         11095.8720,         12637.0991,         13873.5382,          2357.0914,          5934.0558,          6896.2118,             0.0000,         11727.9545,          9774.7141,          8807.5171,          9708.5405,             0.0000,        337567.0254,          3471.8898,         12222.9359,          3493.2418,          7081.8811,         12191.0071,          8303.0096,          9207.1858,        396902.5383,        394400.5030,        398581.4296,        395837.8779,        400772.7064,             0.0000,             0.0000,             0.0000,             0.0000,             0.0000,             0.0000,             0.0000,             0.0000,             0.0000,             0.0000,             0.0000,             0.0000,             0.0000,             0.0000,             0.0000,             0.0000,             0.0000,             0.0000,             0.0000,             0.0000,             0.0000,             0.0000,             0.0000,             0.0000,             0.0000,             0.0000,             0.0000,             0.0000,             0.0000,             0.0000,             0.0000,             0.0000,             0.0000,             0.0000,          1108.7183,         13214.2984,          9777.4572,        118114.7801,         12543.7310,        816285.1104,         13776.5396,         13436.8965,          7150.9209,          5766.9840,          1756.3782,         13806.7878,         11649.9053,         11090.7139,             0.0000,          7460.9124,          9469.3485,          9564.5833,          9101.7342,             0.0000,        328777.3111,         12690.1116,          6641.8553,         13591.4100,         12623.2084,          5163.6716,          9913.4089,         11263.5477,        410101.6971,        407525.5458,        411792.7585,        409095.1884,        413946.0623,         12927.7532,          9600.3445,        118552.1842,         12526.4826,        817252.3090,         13668.7298,         13196.6395,          7944.2652,          4747.5048,          1440.3102,         13786.4916,         11568.8842,         10967.7888,             0.0000,          6515.3892,          8721.6818,          9343.7120,          8512.0365,             0.0000,        328102.4765,         12573.9685,          5776.6512,         13356.3339,         12797.7481,          5964.4807,         10547.1069,         11548.4792,        409836.9661,        407242.2746,        411518.9701,        408827.2934,        413665.6701,         10745.2005,        128887.8642,          8225.0883,        814067.7626,          4004.0159,           860.1812,         13436.7943,         10717.7665,         12699.3576,          3800.4887,          9216.9865,          9752.1666,             0.0000,          9523.1051,          8529.0951,         10755.4080,          9836.5707,             0.0000,        332717.4007,          6958.1508,          9393.2211,          2350.7012,          5995.3785,         13790.1471,         11663.2648,          7919.4654,        397038.8716,        394433.6210,        398755.6300,        396094.7839,        400886.6734,        118684.1064,          4990.4225,        817066.1990,          8921.5822,         10489.6463,          8180.5986,          8790.8209,         10611.5375,         10177.1912,          3097.3611,          2028.4330,             0.0000,          8372.7671,          6083.8544,           468.3003,          3835.4683,             0.0000,        335140.4207,          5513.1767,         10241.1409,          9409.6654,         12950.4689,          8074.7091,          8263.4999,         13613.5405,        403319.3912,        400802.4027,        404889.8959,        402091.1703,        407103.3114,        122105.6431,        834959.9762,        126781.1930,        128644.8657,        116394.1247,        121483.0971,        119567.2667,        127486.9427,        120688.8375,        119976.2771,             0.0000,        122725.8541,        122712.3076,        118701.9292,        120515.1265,             0.0000,        377148.4975,        123380.1091,        123735.2026,        127749.7258,        128071.7816,        115888.7206,        118881.1996,        127065.2823,        499806.2062,        498245.9976,        500558.9602,        496770.0291,        503411.2959,        813639.0010,          4969.9425,          7630.1855,          9441.9445,         11620.4865,         13120.7301,          6307.3173,          1972.7284,          3059.7833,             0.0000,         10831.6464,          8313.4918,          5333.9811,          7252.6916,             0.0000,        337907.5730,          1495.5788,         12080.3576,          6232.5987,         10270.1631,         10364.9059,          7339.6076,         11760.8308,        399135.7279,        396650.8503,        400748.7127,        397956.6753,        402966.0375,        812615.3935,        813584.2396,        811294.3518,        820160.0490,        816766.7355,        811202.6201,        815109.4301,        815922.5915,             0.0000,        820567.4739,        820330.7682,        817451.1956,        819756.5141,             0.0000,       1057494.5460,        814229.7027,        819130.4938,        813863.6023,        809033.2493,        813203.9703,        809271.1301,        808870.9806,        835257.3776,        840152.7520,        840575.9440,        839191.2022,        842692.0334,          3195.4980,         12007.8188,         12109.6397,         13771.1042,          1893.5191,          6512.4626,          7368.1415,             0.0000,         11026.7934,          9093.7288,          9093.8296,          9418.3622,             0.0000,        336344.4315,          3858.0347,         11514.4693,          1909.8640,          6942.9456,         12865.5742,          9516.0066,          9159.6517,        396485.0669,        393951.3522,        398165.4866,        395441.5938,        400341.0287,         13204.8152,         11141.3538,         13025.1648,          3009.5572,          8754.2748,          9365.2111,             0.0000,          9966.2283,          8755.9929,         10535.2902,          9873.0677,             0.0000,        333570.2712,          6377.7385,          9949.9376,          1659.6139,          5901.2799,         13686.8761,         11234.3305,          7999.6751,        396725.6229,        394136.0986,        398438.1468,        395765.6305,        400577.9708,         10942.5413,          8556.9731,         11995.3663,          8951.1167,          8748.6113,             0.0000,         11779.1584,         11746.0837,          8325.0436,         10319.0142,             0.0000,        335899.4436,         10330.3296,         11755.8000,         12836.8226,         11702.2621,          2327.7969,          3819.6441,         11018.3747,        407584.4274,        405140.3673,        409263.7799,        406482.7896,        411483.7063,          5034.7183,         12598.4937,         10621.0297,         10001.1944,             0.0000,          1948.4139,          5035.9849,          8414.7389,          5961.8636,             0.0000,        326784.6695,         11182.6715,          2580.4451,         11278.5645,         12700.9423,          9382.8817,         12497.8554,         12184.5067,        406846.7433,        404190.3488,        408495.3117,        405822.3727,        410620.5403,         13718.6572,         12336.2435,         11824.8284,             0.0000,          6781.4428,          9285.5808,         10368.6918,          9391.5794,             0.0000,        327448.2547,         13074.2088,          5411.3993,         13361.7319,         12238.1963,          6748.5354,         10947.9284,         10786.0409,        409731.4093,        407125.6780,        411438.2376,        408767.4200,        413572.8484,          7895.7781,          8739.2723,             0.0000,         11680.0279,         10229.4015,         10350.1399,         10672.8050,             0.0000,        336278.4604,          5432.4815,         11708.8609,          2719.7791,          5239.4253,         12962.7767,          9339.6285,          7642.5218,        396535.9521,        394007.1641,        398252.3551,        395546.2393,        400420.5585,          1100.1815,             0.0000,          9907.1448,          7284.1984,          3458.3412,          5768.7584,             0.0000,        337059.5244,          2764.2633,         11471.2348,          7423.6462,         11487.0517,          9545.5578,          7620.9495,         12679.3171,        400578.5029,        398083.3134,        402167.5765,        399367.5112,        404386.3820,             0.0000,          9349.9014,          6740.1670,          2391.0579,          4956.7780,             0.0000,        336429.1094,          3695.2064,         11067.0336,          8103.2284,         12091.9257,          9112.0492,          7900.8021,         13113.9452,        401454.6660,        398951.3527,        403033.5804,        400232.2270,        405251.2213,             0.0000,             0.0000,             0.0000,             0.0000,             0.0000,             0.0000,             0.0000,             0.0000,             0.0000,             0.0000,             0.0000,             0.0000,             0.0000,             0.0000,             0.0000,             0.0000,             0.0000,             0.0000,          3479.2443,          7993.2608,          5077.2735,             0.0000,        327197.4327,         10198.5193,          2877.6037,         10035.7707,         12374.8406,         10482.9823,         12825.3869,         12254.4154,        405074.4273,        402408.5623,        406711.4957,        404038.3101,        408834.9825,          5725.4275,          2524.9844,             0.0000,        329896.8885,          7600.1323,          5990.6275,          8289.1371,         12384.5096,         10911.3495,         12101.6273,         12944.5469,        402722.5001,        400087.5915,        404320.4719,        401607.4023,        406469.2865,          3419.3189,             0.0000,        334695.0413,          5762.9797,          9924.1326,          9491.5325,         13055.1790,          8091.4312,          8555.4546,         13675.2596,        403526.7606,        401001.4613,        405096.1242,        402301.5744,        407305.8426,             0.0000,        331593.2634,          6962.7840,          7516.1269,          9112.9358,         13088.9207,          9541.7885,         10859.3940,         13617.3708,        403553.3004,        400959.9602,        405128.5284,        402377.5383,        407303.6957,             0.0000,             0.0000,             0.0000,             0.0000,             0.0000,             0.0000,             0.0000,             0.0000,             0.0000,             0.0000,             0.0000,             0.0000,             0.0000,        337010.2671,        326179.3523,        334612.6087,        334134.6803,        333833.9274,        338260.4818,        332728.7543,        620714.5053,        614596.2102,        622837.4843,        623092.5429,        622671.7924,         11439.3794,          4905.6956,          9722.6194,         11087.3814,          8300.2567,         11371.9264,        398425.3657,        395914.6914,        400044.7857,        397271.7967,        402247.9204,         10446.6342,         11169.6751,         10455.1350,         12852.6927,         10566.6060,        405711.8938,        403038.6333,        407401.3759,        404762.3528,        409507.2542,          6927.9800,         13404.8680,         10741.1838,          9058.8821,        396517.6289,        393945.3600,        398202.7229,        395504.2784,        400358.3277,         12535.5385,          9613.0310,          2717.3543,        399070.6846,        396530.7767,        400873.9820,        398223.9432,        403013.2044,          5928.9360,         11622.8824,        409020.9652,        406542.1403,        410690.4048,        407923.5165,        412896.4585,          9632.7956,        404031.6050,        401611.8343,        405725.1514,        402939.4488,        407952.5365,        401497.9269,        398952.4274,        403323.5554,        400689.0069,        405454.0828,          8419.0806,          7830.0338,         13040.9388,          7782.9273,         11977.0810,         17737.1187,          9512.8799,          7082.4082,          4975.7560,         11977.0810,
   72000.000,      0.0000,             0.0000,             0.0000,             0.0000,             0.0000,             0.0000,             0.0000,             0.0000,             0.0000,             0.0000,             0.0000,             0.0000,             0.0000,             0.0000,             0.0000,             0.0000,             0.0000,             0.0000,             0.0000,             0.0000,             0.0000,             0.0000,             0.0000,             0.0000,             0.0000,             0.0000,             0.0000,             0.0000,             0.0000,             0.0000,             0.0000,             0.0000,             0.0000,             0.0000,             0.0000,             0.0000,             0.0000,             0.0000,             0.0000,             0.0000,             0.0000,             0.0000,             0.0000,             0.0000,          1974.2515,         11207.2700,          9720.2272,         13513.4536,          4808.0113,          9739.7229,          5646.4054,          9578.8554,             0.0000,          8814.7470,          1810.0644,         11902.3621,          4289.1381,        129214.7783,         10927.8133,        814629.6522,         10283.4873,         12964.0173,          8353.9681,          9471.7279,          2981.2444,         13624.1069,          6104.7996,          6212.4303,             0.0000,          9766.0865,          5582.6195,          5206.2358,          8588.8791,             0.0000,        336016.5561,          6287.5668,          3888.9342,         13142.7255,         13743.4045,          6431.1886,         11451.5299,         12569.8376,        400697.3644,        396517.7976,        395128.2576,        396130.6295,        401634.2852,         10122.5994,          8276.7330,         12926.4001,          5314.4966,          8378.9767,          4067.8364,          8616.5779,             0.0000,          9834.1530,          2643.7057,         11530.8595,          5350.7720,        129234.6872,         10751.1680,        816572.5319,          9432.2744,         13423.1687,          6786.8176,         10763.9647,          4077.8777,         13662.8245,          6219.8424,          6638.1448,             0.0000,         11054.0204,          6021.0099,          6385.7057,          9818.2554,             0.0000,        337136.5628,          5887.1118,          5693.5284,         13447.4010,         13861.7805,          4802.0303,         10340.3531,         11719.0465,        401879.4776,        397668.1410,        396306.2855,        397338.1852,        402808.8551,          6076.7625,          6439.9876,         12480.0790,          6817.6437,          6974.9461,          9149.1882,             0.0000,         10924.2565,         10570.6320,         10188.5574,         12886.8027,        120763.8685,         11306.5139,        819947.8982,          9261.0433,         11558.7824,          4335.8070,         12608.6015,         10796.8869,          9834.3765,         12236.4417,         12722.6088,             0.0000,         12952.1557,         12586.6706,         13258.4108,         13839.3868,             0.0000,        335643.1198,         11225.9078,         12469.0265,         11257.8491,          9342.1255,          6222.9495,          5055.1297,          2658.6818,        409952.7832,        405729.8920,        404261.5998,        405251.8075,        410717.8026,          7414.3317,          9165.6187,           934.1871,          6671.2300,          3868.3511,             0.0000,         13332.1537,         10078.0062,          7112.9073,         10211.8295,        124255.4782,          7760.9417,        821612.2997,          4358.5406,         11821.7576,          4510.9906,         13870.4082,         10978.5335,         10298.2896,          8350.0528,          9163.6450,             0.0000,         13811.3883,          9100.6386,         10770.4302,         12436.9904,             0.0000,        335477.8055,          6890.1333,         11812.4595,         11149.9383,         11108.7682,          5891.0971,          3168.2680,          6874.7961,        410116.1087,        405887.1785,        404536.8378,        405580.4856,        411035.3302,         12565.9791,          7416.6367,         11455.2868,          8041.8709,             0.0000,         12162.4208,         13496.0148,          6005.9307,         13107.1247,        117202.1737,          7804.9910,        818051.9778,          7396.6720,          7175.6179,          9223.3418,         12061.6638,         13655.0462,          4484.1029,         11795.4538,         12046.3902,             0.0000,         11822.7550,         12263.8256,         12995.2050,         12011.9546,             0.0000,        329674.0824,         11081.3534,         13548.8292,          6408.5310,          4986.9720,         10827.7233,          4382.1433,          4166.5367,        413305.7962,        409181.2322,        407672.3086,        408587.4607,        414155.6028,          8724.1647,          8601.9627,          7120.2380,             0.0000,         10954.1936,          6449.8336,          8942.5143,          1537.6700,        128452.7045,          7384.8563,        814659.8909,          7650.2461,         11172.6678,         10094.2208,         10025.2119,          7283.3669,         11981.3708,          1633.7554,          1513.2786,             0.0000,          9703.9400,           831.5861,          2309.9602,          6239.7695,             0.0000,        332788.9069,          2823.2443,          5517.2229,         11100.7522,         12854.9753,          8959.4565,         10694.0023,         13102.2258,        403116.3625,        398985.0984,        397621.0407,        398605.6037,        404156.5082,          7212.5147,          2965.5765,             0.0000,         13522.4911,         10249.0459,          6415.4378,          9846.6633,        124338.0072,          6984.5607,        821379.1638,          3468.3576,         11504.4510,          5322.4431,         13817.9975,         11172.6919,         10042.4704,          7781.4088,          8602.9471,             0.0000,         13678.5620,          8590.0256,         10367.0626,         12009.2906,             0.0000,        334869.5168,          6311.3051,         11725.0740,         10786.1241,         11028.0721,          6505.7072,          3312.9841,          7381.3923,        410229.0659,        406011.0944,        404665.7134,        405705.1328,        411170.7825,          8810.4378,             0.0000,         10199.4686,          5035.8028,         11824.9352,          8863.5450,        127345.6043,         11751.5142,        818937.1231,          9572.3955,         13870.3878,          3290.9840,         12019.1175,          5908.2242,         13365.2505,          9004.1277,          9586.5412,             0.0000,         12486.5305,          9110.9486,          9727.0068,         12288.4488,             0.0000,        338663.3621,          8127.1014,          8581.1238,         13786.1680,         13258.9991,           993.7630,          8563.2974,          9143.0485,        404115.9766,        399861.4918,        398484.1628,        399533.4051,        404961.8222,             0.0000,         13714.1264,         10511.9760,          4584.7732,          8407.7906,        124738.1324,          4518.0447,        819888.1176,          1063.0012,         10452.6707,          7744.9609,         13249.3170,         11440.0636,          9439.1036,          5806.5215,          6578.0827,             0.0000,         12869.3156,          6748.3680,          8757.1801,         10273.9987,             0.0000,        332835.2320,          4480.2760,         11062.6882,          9673.3072,         10873.0465,          8355.0655,          5062.4127,          9230.9258,        409862.6728,        405686.7165,        404345.5256,        405362.7731,        410870.0688,             0.0000,             0.0000,             0.0000,             0.0000,             0.0000,             0.0000,             0.0000,             0.0000,             0.0000,             0.0000,             0.0000,             0.0000,             0.0000,             0.0000,             0.0000,             0.0000,             0.0000,             0.0000,             0.0000,             0.0000,             0.0000,             0.0000,             0.0000,             0.0000,             0.0000,             0.0000,             0.0000,             0.0000,             0.0000,             0.0000,             0.0000,             0.0000,             0.0000,             0.0000,          7800.0458,         13308.6999,          9989.4591,        122218.2491,         13101.4336,        809490.1008,         13811.9719,          9747.0262,         11390.2205,          3646.0513,          6578.8656,         10973.4587,         11835.8000,         11454.7258,             0.0000,          4828.9237,         11255.6678,          9727.3440,          8691.6804,             0.0000,        331411.2613,         12253.0203,          6480.7093,         10600.9415,          9699.1472,         10628.1083,         12922.5657,         11159.7194,        401824.9676,        397746.3540,        396139.4687,        396991.2153,        402605.5439,         12683.6327,          5846.5529,        128641.0651,         11934.5340,        814426.7738,         11182.1797,         13187.5156,          7931.2619,          9118.1938,          1466.6091,         13776.3923,          7671.1012,          7764.7213,             0.0000,          9630.7453,          7177.2261,          6600.8804,          9384.9700,             0.0000,        336602.2787,          7738.7672,          4173.4442,         13451.8162,         13601.7595,          5920.4002,         11612.3642,         12084.8926,        400400.1209,        396212.3189,        394796.1955,        395792.1249,        401288.7491,          9830.2406,        120972.8444,          2074.4462,        817301.3894,          3606.0183,          6886.5287,         10561.7835,         12009.6018,         13182.9596,          5762.7994,          7680.2710,          7888.2829,             0.0000,         11340.9019,          8340.0164,          9601.3157,          9030.7368,             0.0000,        328491.2476,          7192.4452,         11927.2472,          5844.5625,          7756.8339,         11409.5246,          5952.6531,          9063.9825,        411689.3365,        407592.2180,        406165.9005,        407101.0524,        412691.9567,        128454.6756,          8296.3228,        813307.4263,          8881.0662,         11098.7620,         10646.7272,          8991.2984,          6456.0333,         12207.5796,          3069.0779,          2553.6716,             0.0000,          8724.0454,          2065.0981,          1205.0296,          5504.8473,             0.0000,        332509.5699,          4293.8596,          4179.8021,         11199.1459,         12875.7841,          9342.4738,         11564.9994,         13514.3260,        401974.3054,        397857.5498,        396467.8860,        397433.6933,        403000.1400,        122552.0722,        805115.0641,        123822.9003,        117443.8698,        125052.5100,        121730.8854,        127978.1395,        116526.6217,        127836.2752,        127633.2267,             0.0000,        121526.3901,        128029.7222,        127761.4681,        124152.2541,             0.0000,        274180.9803,        127661.1622,        127368.7559,        117447.1048,        115736.1151,        126789.1051,        121100.9159,        118487.3198,        497551.6539,        494406.2636,        491135.3741,        490724.8808,        497208.9372,        816363.1398,          3791.7942,          7237.7946,         11035.5827,         11511.0836,         12483.4407,          6932.1454,          6060.9025,          6164.1804,             0.0000,         10762.5623,          6694.6118,          8002.7393,          7671.1093,             0.0000,        328455.7443,          5854.1549,         10829.9223,          6395.5101,          8842.5376,         11482.3404,          7333.5654,         10501.1965,        410119.9470,        406032.5722,        404622.5270,        405559.6410,        411158.6842,        819622.1129,        811347.5423,        820754.9447,        807929.4118,        813246.5315,        813975.2930,        815602.3149,        814570.3834,             0.0000,        807850.5322,        814673.6415,        812386.0218,        809670.2750,             0.0000,        669793.0661,        817117.2538,        811035.1517,        812421.1513,        813114.9478,        819617.3258,        820738.5990,        819145.8980,        693385.2715,        701235.6899,        693192.1702,        685309.7192,        693192.0735,          9787.6837,          8341.3524,         13178.6454,         12022.3450,          8664.5280,          6288.5828,          6947.7972,             0.0000,         12733.2060,          7202.0379,          9099.9527,         10168.7069,             0.0000,        331903.3486,          5136.0946,         11461.3552,          8931.2077,         10229.8644,          9095.5233,          4854.7395,          9035.3731,        410589.3505,        406428.1345,        405072.0664,        406074.2532,        411597.3085,         13228.7793,          7605.2559,         12917.0058,          2945.2863,         10770.4927,         10368.2061,             0.0000,          6790.1837,         10749.9868,         10353.0267,          7157.7618,             0.0000,        324920.1145,         11084.3978,         11037.0630,          1250.2492,          3549.5182,         13725.2814,          9966.7993,          9899.0629,        409666.1030,        405662.2050,        404076.1837,        404890.8396,        410580.9958,         13062.8166,          8648.2546,         12048.3777,         10000.0368,         10681.8440,             0.0000,         13412.8304,         10374.6345,         11358.7325,         13285.8382,             0.0000,        338016.1296,          8814.5518,         10795.9119,         12928.4425,         12021.8804,          2320.9606,          5996.7072,          6612.5636,        407346.3252,        403086.0369,        401702.1827,        402750.7198,        408174.4794,          8139.8843,          9649.3691,         10774.2391,         10139.8311,             0.0000,          1251.1523,         10120.0940,          8317.0714,          5884.0110,             0.0000,        328355.8875,         11544.3940,          6181.0790,          8621.2246,          8789.8320,         12399.3760,         13281.7761,         12309.6174,        402427.8109,        398406.2664,        396795.3053,        397612.3314,        403283.9327,         13676.6548,          8554.0641,          8507.0759,             0.0000,          8786.5912,          7968.4779,          6999.8630,          9208.2125,             0.0000,        336044.6398,          8764.2469,          3739.1828,         13308.4337,         13294.0135,          6767.1920,         12197.0684,         12193.4850,        399915.3905,        395744.3099,        394293.5608,        395265.3851,        400780.2822,         11335.4804,         11197.6115,             0.0000,          9065.5287,         11556.6770,         11691.4618,          9320.7466,             0.0000,        326054.0504,         11226.6533,         12450.5174,          2158.6322,          2306.8192,         13015.9554,          7904.3393,          7799.5878,        411877.4467,        407835.5919,        406271.6947,        407116.6286,        412769.0433,          1049.1450,             0.0000,         10341.6285,          1058.9624,          3477.2741,          6610.2109,             0.0000,        332295.2642,          1623.9613,          6916.3747,         10525.3958,         12457.1959,          9192.5327,          9826.0841,         12681.5932,        404629.5025,        400497.7957,        399145.6406,        400134.9290,        405685.0945,             0.0000,          9646.8534,           687.7662,          2655.0502,          5692.7142,             0.0000,        331539.5537,          2640.5326,          6433.6509,         10210.2417,         12286.3831,          9828.0599,         10421.0024,         13060.0917,        404193.0066,        400080.2675,        398710.9041,        399682.1798,        405251.9748,             0.0000,             0.0000,             0.0000,             0.0000,             0.0000,             0.0000,             0.0000,             0.0000,             0.0000,             0.0000,             0.0000,             0.0000,             0.0000,             0.0000,             0.0000,             0.0000,             0.0000,             0.0000,          9704.7453,          7925.2869,          4951.7771,             0.0000,        327456.6948,         11189.5525,          6424.4993,          7819.8979,          8426.7558,         12826.1421,         13156.6571,         12488.3991,        402995.6910,        398987.7619,        397382.5803,        398194.0303,        403879.0390,          2453.0396,          5961.0750,             0.0000,        332141.9830,          2563.6261,          6040.6850,         10625.7959,         12552.8468,          9399.3819,         10500.0817,         13058.3240,        403731.8655,        399609.7546,        398244.2910,        399222.7725,        404782.9667,          4371.6127,             0.0000,        331340.1051,          4881.4313,          4164.3079,         10514.5875,         12378.2465,         10176.5355,         11837.2794,         13673.2630,        402132.4716,        398039.5480,        396628.6306,        397571.6849,        403162.9212,             0.0000,        327433.6168,          7847.0027,          5865.5203,          7632.6885,          9897.0046,         12598.0817,         12390.4879,         13486.7937,        403583.2088,        399564.7971,        398060.7032,        398920.8917,        404590.9369,             0.0000,             0.0000,             0.0000,             0.0000,             0.0000,             0.0000,             0.0000,             0.0000,             0.0000,             0.0000,             0.0000,             0.0000,             0.0000,        333226.8571,        332786.1034,        325105.6104,        326441.4824,        338584.1281,        333267.9037,        333229.8495,        598886.9003,        599573.3609,        595226.7983,        592256.5774,        601355.6005,          7768.3414,         10712.6290,         12376.7927,          8185.8021,          8637.0394,         11786.8627,        405593.7979,        401436.2890,        400100.4050,        401111.0142,        406634.9710,         11529.5186,         12364.4961,          9265.8022,         12700.7559,         13211.2298,        400083.2255,        395978.0510,        394508.7734,        395434.8372,        401016.5791,          3574.8016,         13568.1306,          9197.5042,          9509.1308,        410578.6037,        406563.6298,        404998.4605,        405827.9632,        411506.5639,         12953.0485,          8666.9921,          7279.5358,        411157.7253,        407116.0929,        405511.5101,        406339.3273,        411993.3419,          7777.2245,          8441.4970,        405085.7650,        400826.9111,        399452.0788,        400504.5088,        405928.6558,          4598.1350,        412011.1011,        407817.9325,        406406.0670,        407402.3061,        412896.8374,        411648.4185,        407465.0148,        405960.8696,        406912.5046,        412420.5078,          9019.3181,          9572.6703,         13125.8119,         10910.1842,         10007.7682,         17433.5971,         12864.9640,          8008.6538,          7173.5106,         10007.7682,
   75600.000,      0.0000,             0.0000,             0.0000,             0.0000,             0.0000,             0.0000,             0.0000,             0.0000,             0.0000,             0.0000,             0.0000,             0.0000,             0.0000,             0.0000,             0.0000,             0.0000,             0.0000,             0.0000,             0.0000,             0.0000,             0.0000,             0.0000,             0.0000,             0.0000,             0.0000,             0.0000,             0.0000,             0.0000,             0.0000,             0.0000,             0.0000,             0.0000,             0.0000,             0.0000,             0.0000,             0.0000,             0.0000,             0.0000,             0.0000,             0.0000,             0.0000,             0.0000,             0.0000,             0.0000,          4610.8455,         11718.7052,         13221.2668,         13045.3210,          6022.7202,         12952.8316,         10212.1086,         10220.7747,             0.0000,          8477.5166,          6831.0696,         11860.6910,          5520.6299,        119885.2068,         12156.3609,        819532.0579,         10604.3949,          9809.0923,         11692.9468,          6472.5366,          5777.9942,         11442.2896,          7650.4494,          7900.2967,             0.0000,          5951.9595,          6457.5540,          6307.6877,          7684.4556,             0.0000,        338756.5120,          6162.1421,          5227.0305,         10481.8360,         12550.7948,         10507.8254,         13290.3827,         12425.5444,        415519.4839,        410301.8828,        405257.5112,        407674.3272,        412698.2416,          8664.5383,         11901.8275,         13407.6600,          9145.3496,         12045.6702,          6485.1219,         10081.8159,             0.0000,          9328.4712,          3017.7429,         11205.7147,          9119.3585,        119823.3533,         13582.0178,        817538.6175,         10035.0307,         12496.4913,          8800.1540,          8554.8228,          2369.1922,         13320.0699,         10168.5462,         10656.4397,             0.0000,          8666.3086,          6004.5590,          9925.6455,         11027.4582,             0.0000,        337970.6157,          8405.2675,          3188.8319,         12875.0298,         13781.8709,          7000.5281,         13084.6706,          9672.3712,        412757.1621,        407605.2925,        402523.4323,        404853.7626,        409930.3501,          5533.3549,         10480.8661,         12617.5373,          6581.2941,          2858.7408,          8491.7575,             0.0000,         11729.5608,          6605.3716,          7272.5891,         13078.8660,        121702.0917,         11680.6059,        810803.4164,          7715.0497,         13430.0626,          3850.4843,         12686.0585,          7711.8637,         12678.2420,         12260.7122,         12686.0480,             0.0000,         13079.3710,          8943.6561,         13425.9177,         13844.1572,             0.0000,        330433.6396,         11502.4384,          8226.1862,         13265.4625,         11662.5475,          3504.4514,          8860.3243,          1635.9553,        405249.4233,        400105.4304,        394960.8868,        397270.1450,        402301.5725,          8386.8789,         11495.9624,          1491.0109,          8042.9575,          6266.0893,             0.0000,         12901.8491,         10088.2408,          3715.3997,         12156.7998,        121437.4831,          7811.6281,        808463.7554,          5604.5645,         11038.6606,          7746.2339,         13661.1906,         10768.0216,         10004.8723,         10373.2826,         10620.4528,             0.0000,         13733.4875,          9745.8025,         12191.4222,         12576.7008,             0.0000,        327539.2090,         10584.6453,         10525.4285,         10837.8653,          8348.9355,          8434.1572,          6347.3412,          5074.0157,        405055.7417,        399844.0638,        394688.8340,        397077.1830,        402009.2858,         11943.6107,          8690.5862,         11572.2312,         11630.3551,             0.0000,          7993.9163,         13462.4002,         10273.6782,         11720.2136,        128129.5708,          5893.1314,        814894.9829,         11600.2140,          7291.3536,          9130.9581,          9494.7729,         13745.0413,          4664.5328,         11450.7682,         10948.6737,             0.0000,          9777.6972,         13608.8906,         10913.0659,          8864.9650,             0.0000,        325786.4526,         12397.5912,         13564.1630,          6172.9455,          3637.0687,         10750.1189,          2236.7821,          9352.8129,        404613.6048,        399281.4812,        394273.9689,        396841.5115,        401744.5973,         10606.0610,         12442.8742,          7103.6273,             0.0000,         10980.2349,          9680.6802,          9091.7984,          1344.6843,        118144.3520,          8418.9053,        816062.3339,          7931.0198,          6534.3626,         13596.6597,          9169.7237,          8882.2387,          8881.7405,          1936.9096,          2179.2706,             0.0000,          8215.8570,          6191.4605,          2409.9700,          5759.4924,             0.0000,        336312.3906,          1978.6347,          7601.1410,          7686.1160,          9838.9717,         12978.4759,         12038.3810,         13115.4233,        415751.0599,        410482.3523,        405401.8379,        407871.6846,        412795.8460,          8892.3762,          5164.8030,             0.0000,         13222.5994,         10275.7968,          2508.1438,         11358.3937,        120522.5538,          7047.0380,        808312.0766,          4609.7254,         10381.5786,          8907.2327,         13715.8027,         10815.4976,          9608.0472,          9321.8320,          9586.1811,             0.0000,         13652.7177,          9212.2704,         11404.9717,         12038.8057,             0.0000,        328038.8522,          9680.9166,         10374.9389,         10311.9368,          8008.8740,          9412.6123,          6808.2114,          6338.6931,        406164.5795,        400943.5583,        395783.0709,        398181.0765,        403095.7511,          9615.6947,             0.0000,         10773.8485,          4735.5199,          9121.2800,         12743.7245,        121686.2824,         13014.4096,        813049.3077,          8990.1244,         13885.1911,          3743.1373,         11560.8723,          5909.2064,         13461.0334,         12521.6169,         12978.6328,             0.0000,         12039.7135,          8432.1478,         13218.3232,         13678.9648,             0.0000,        332715.6615,         11380.8448,          6832.3860,         13807.8189,         12887.2709,          1733.9277,         10378.8964,          3948.5523,        406720.8264,        401592.5543,        396468.8322,        398763.4813,        403833.7585,             0.0000,         13724.4022,          8412.7264,          2758.5481,          8236.2822,        116559.3247,          8227.6361,        809643.1189,           998.2015,          9967.3323,         11189.3189,         13191.2539,          8448.5548,         10661.2938,          5833.9477,          6573.1224,             0.0000,         12771.6387,          5168.7043,          8803.8253,         10867.5027,             0.0000,        332807.5609,          5592.3650,          7449.5515,         10538.7076,         10002.7975,         10667.5260,         10410.6824,          9141.2615,        411199.1258,        405997.6754,        400821.4167,        403190.2751,        408116.8896,             0.0000,             0.0000,             0.0000,             0.0000,             0.0000,             0.0000,             0.0000,             0.0000,             0.0000,             0.0000,             0.0000,             0.0000,             0.0000,             0.0000,             0.0000,             0.0000,             0.0000,             0.0000,             0.0000,             0.0000,             0.0000,             0.0000,             0.0000,             0.0000,             0.0000,             0.0000,             0.0000,             0.0000,             0.0000,             0.0000,             0.0000,             0.0000,             0.0000,             0.0000,         11104.0085,         13721.8064,         10140.7973,        127998.5889,         10908.2588,        821326.1528,         13838.0333,          8793.6050,          9289.1397,          2778.0184,         10968.8852,          8391.5409,         11812.6677,         11425.0103,             0.0000,          3897.6488,         12530.5984,          9627.5082,          7419.3875,             0.0000,        332349.5988,         11737.1062,         11127.8620,          8323.5481,          9511.3884,          9739.1312,          9218.5030,         11335.6874,        409122.0634,        403827.7179,        398880.0373,        401414.2871,        406419.6582,          9338.2483,         10043.8680,        118464.8834,         13309.6182,        814573.6351,          8135.9470,         13183.7023,          7925.5619,         10714.8387,          1275.1510,         13768.3133,         10194.9673,         10855.1691,             0.0000,         10813.3060,          4840.2315,         10917.5132,         12333.1548,             0.0000,        336798.2274,          8423.6295,          2445.9171,         13541.1095,         13762.1219,          5916.3981,         12647.2033,          7931.4276,        411444.7748,        406319.0563,        401189.7572,        403478.2077,        408547.1019,         10048.2548,        118301.3376,          7530.2263,        808444.4041,          2203.9473,         10292.6053,         10029.0410,         13729.5877,          9695.4858,         10224.4573,          7738.1288,          8219.5331,             0.0000,         13493.9381,          7320.7396,         10333.6404,         11674.6744,             0.0000,        330216.1942,          7879.4560,          9009.5758,         10541.8176,          9026.6289,          9983.7361,          8681.2911,          7560.9953,        408484.9048,        403277.6022,        398100.8182,        400477.6946,        405395.7976,        119137.0357,          8592.8777,        817323.3794,          9016.7080,          6038.8160,         13685.7734,          8153.3841,          9204.4047,          8512.7263,          3042.6961,          2867.2616,             0.0000,          7122.7025,          7051.3798,          1395.4668,          4740.3323,             0.0000,        336452.5792,          3187.4837,          8027.5856,          7187.6709,          9742.7037,         13127.5422,         12051.5086,         13499.9479,        415895.1453,        410613.6930,        405556.3397,        408046.7999,        412974.6305,        123438.3897,        768135.1962,        116735.6987,        123923.4914,        125169.5788,        126178.5955,        118066.2877,        125945.6733,        117855.7277,        118691.8513,             0.0000,        125386.4287,        115800.5840,        120277.9305,        123755.3978,             0.0000,        415445.8436,        116924.6712,        117396.9576,        125092.2666,        125805.7154,        123403.2571,        126901.8589,        123112.9173,        493374.2165,        489195.3742,        482801.3492,        483682.3357,        488559.7901,        812776.4860,          8596.4180,          4408.6152,         12124.9172,         10932.7618,         13286.9384,          3523.1088,          7228.0316,          6645.8959,             0.0000,         10533.3991,         11344.1191,          7794.6110,          7135.9376,             0.0000,        327909.1348,          8906.7665,         12515.0019,          4160.6625,          2512.3204,         12955.4159,          5866.1187,         11145.4934,        408602.1396,        403265.7471,        398202.9220,        400761.4303,        405608.9801,        809169.9025,        816890.6005,        813748.1521,        822016.5428,        815314.1462,        816088.7484,        814333.6436,        814842.2518,             0.0000,        821882.6624,        813220.6644,        817672.9381,        819257.8746,             0.0000,        732705.9555,        814642.4916,        815034.8296,        816924.7099,        814052.1705,        814009.8503,        812923.4383,        810848.5201,        756864.1655,        758843.5888,        751593.4908,        747204.8112,        745135.1120,         10556.8886,         10607.3309,         13473.6602,          8317.8586,         11033.6614,          6739.9264,          7454.7438,             0.0000,         13138.9455,          5389.7094,          9574.4540,         11479.8074,             0.0000,        332406.8501,          6398.5897,          7453.6372,         11034.6377,         10230.9080,         10088.7856,         10230.9965,          8396.4994,        410423.3171,        405233.2045,        400050.0639,        402404.0105,        407339.4161,         13216.7456,          7977.6775,         12808.1293,          2896.8118,          6268.8721,          5323.3204,             0.0000,          7262.8271,         11219.6460,          4789.2523,          2986.7912,             0.0000,        330947.1413,          7891.0760,         11975.8929,          1327.6523,          4706.9600,         13703.2163,          8288.2628,         13113.9743,        411656.7128,        406300.5481,        401290.4300,        403883.6217,        408752.0026,         10894.7034,          8883.7213,         12078.5782,         13569.8711,         13759.3864,             0.0000,         11604.7904,         11044.3214,         13786.5003,         13324.4839,             0.0000,        329710.5768,         12955.9757,          9635.7235,         12785.8910,         11330.8106,          2325.7997,          8037.9699,          3193.5690,        404094.1346,        398921.6202,        393840.5415,        396199.1746,        401249.3643,         10267.1355,          8519.0545,         10331.0925,          9937.0313,             0.0000,          1245.8423,         11437.6220,          7703.8450,          5813.2277,             0.0000,        334552.8237,         10151.9349,         10183.3268,          7903.4521,         10041.5016,         10876.1778,         10676.9846,         12583.0880,        411855.0124,        406559.2355,        401605.5650,        404139.0370,        409137.6500,         13645.1161,          9574.8779,         10245.9124,             0.0000,         10256.0089,          4261.2614,         10156.7933,         11753.6837,             0.0000,        337666.2118,          7676.7652,          1459.7372,         13264.1554,         13824.3638,          6960.7519,         13082.7284,          8972.7114,        412622.1033,        407487.8310,        402365.9303,        404665.8877,        409730.3070,          8400.5566,          7601.4022,             0.0000,          8196.5040,         12509.3148,          7398.4696,          5206.7971,             0.0000,        328357.1656,          9887.4806,         13032.1829,          1684.7725,          2273.2986,         13032.4906,          5930.7518,         12027.2990,        408797.6149,        403434.5309,        398432.0014,        401036.4407,        405901.9565,          1062.6496,             0.0000,          9454.4799,          6383.1840,          3489.1363,          6410.7584,             0.0000,        334936.6861,          2257.4477,          8273.1413,          7391.3957,          9012.1407,         13121.5946,         11330.8195,         12683.8779,        414810.4686,        409537.9361,        404438.1226,        406908.5707,        411809.9449,             0.0000,          9022.3009,          7300.0445,          2879.0200,          5575.3548,             0.0000,        334453.0220,          3158.2128,          8998.5470,          6498.6370,          8373.2706,         13455.1750,         11000.2081,         12990.3522,        414646.3860,        409356.0364,        404271.6029,        406767.1220,        411658.3349,             0.0000,             0.0000,             0.0000,             0.0000,             0.0000,             0.0000,             0.0000,             0.0000,             0.0000,             0.0000,             0.0000,             0.0000,             0.0000,             0.0000,             0.0000,             0.0000,             0.0000,             0.0000,         11020.4658,          6634.1424,          4831.7521,             0.0000,        335021.9671,          9347.5561,         10002.8386,          7360.2313,          9864.2673,         11504.4647,         10953.9407,         13044.7438,        412799.6639,        407497.5222,        402538.0470,        405077.4222,        410062.7843,          8178.8548,         10687.6395,             0.0000,        337184.4994,          4410.6403,          2914.1001,         11957.2292,         12606.4953,          9636.7547,         12838.2740,         10096.2107,        414014.2383,        408850.7977,        403698.7569,        406026.2188,        411025.8401,          3486.7726,             0.0000,        335502.6144,          4296.8808,          9061.4596,          5970.8450,          8812.4681,         13451.7089,         11439.6805,         13683.7263,        415347.6127,        410043.9509,        405003.5843,        407524.9491,        412437.9723,             0.0000,        333450.0176,          7412.1558,         10971.8580,          3692.6541,          7187.8652,         13469.6074,          9999.7567,         13731.1038,        413422.1712,        408080.0462,        403090.4730,        405670.7262,        410576.6010,             0.0000,             0.0000,             0.0000,             0.0000,             0.0000,             0.0000,             0.0000,             0.0000,             0.0000,             0.0000,             0.0000,             0.0000,             0.0000,        336469.2209,        337733.4834,        329863.9374,        326814.0173,        331887.8105,        325494.6116,        328977.9168,        206716.6345,        198793.4944,        196639.8491,        204227.8515,        201265.9902,          6298.2761,          8930.0385,         10467.7934,         12143.1742,         12143.0156,         12179.6579,        415344.1338,        410106.6890,        404995.3888,        407420.6827,        412358.9653,         12544.4400,         13266.6868,          7903.5605,         12932.2379,          9440.4668,        413382.7481,        408234.3424,        403108.5351,        405424.2242,        410466.9463,          3777.1916,         13482.2417,          7379.6253,         12795.6672,        410468.9253,        405105.5787,        400105.9700,        402710.7292,        407578.5956,         12494.7415,          4279.6252,         10862.7766,        407095.0284,        401745.1643,        396716.1786,        399299.2640,        404159.0354,          9710.0886,          3894.6215,        405814.1402,        400669.7602,        395572.3518,        397892.7824,        402965.2186,          7656.6742,        403913.8226,        398611.4765,        393565.9678,        396089.1030,        400998.6686,        404049.8123,        398885.9252,        393756.2968,        396093.3427,        401112.0453,          8962.5943,         11907.6013,         12659.1307,         12081.0907,          8764.0668,         16143.5520,         14881.3869,         10072.5477,         10508.8143,          8764.0668,
   79200.000,      0.0000,             0.0000,             0.0000,             0.0000,             0.0000,             0.0000,             0.0000,             0.0000,             0.0000,             0.0000,             0.0000,             0.0000,             0.0000,             0.0000,             0.0000,             0.0000,             0.0000,             0.0000,             0.0000,             0.0000,             0.0000,             0.0000,             0.0000,             0.0000,             0.0000,             0.0000,             0.0000,             0.0000,             0.0000,             0.0000,             0.0000,             0.0000,             0.0000,             0.0000,             0.0000,             0.0000,             0.0000,             0.0000,             0.0000,             0.0000,             0.0000,             0.0000,             0.0000,             0.0000,          4449.1647,         13685.8456,         13103.8043,          9941.3892,          4987.5224,         12841.7770,         11348.2689,         10469.4445,             0.0000,          8135.1162,         10298.5806,         11833.0485,          4155.9365,        119261.4728,          8474.9033,        809752.1694,         10905.0305,          8399.6798,         10567.8464,          4172.2757,         10453.1196,          8992.2532,          6652.4458,          6506.4415,             0.0000,          2868.9793,          7300.0893,          3945.2472,          2257.0551,             0.0000,        336364.3136,          4860.8094,          9752.5444,          7610.3915,         12320.3877,         10313.2964,          9173.6363,         13587.7073,        408538.5317,        403320.9983,        395746.4294,        398779.2577,        402502.2504,         12457.7532,         13551.6619,         12099.2568,          8767.6744,         13741.7428,          8605.9547,         12100.6255,             0.0000,          6432.8159,          6798.1030,         11881.5743,          8165.6561,        119346.1079,         11421.2351,        807567.7825,         11919.6119,         11178.9067,          9128.9516,          1328.0034,          7207.5063,         11879.2710,         10097.5634,         10066.7232,             0.0000,          1663.7161,          6002.9694,          7980.6159,          6304.5923,             0.0000,        332682.3641,          8403.9869,          6292.0931,         10852.6297,         13707.9892,          7945.3446,         11558.6105,         12185.3459,        411326.1547,        406059.7333,        398495.9214,        401619.6525,        405318.5327,          6505.0937,         11071.1128,         13154.8572,          7002.8280,          7602.4334,          9122.8531,             0.0000,         11296.4926,          7930.2088,          6380.3017,         13491.2136,        126791.9471,         12016.5917,        817596.6976,          8271.9293,         11357.3083,          9444.0126,         12762.4543,          7598.2480,         11367.4607,         12556.8518,         12761.4653,             0.0000,         13048.7351,         10562.9287,         13616.1614,         13841.9216,             0.0000,        328109.3949,         12842.4132,          8079.7027,         12140.5848,          7817.9914,          9203.1331,         11175.3407,           648.1916,        413874.8142,        408530.7484,        401087.0772,        404248.7486,        408164.7030,          5911.4130,         11404.6624,          1778.3804,          9529.3066,          9035.6588,             0.0000,         10615.7453,         11727.2335,          9324.4964,         11638.6690,        123400.8415,          7858.7133,        820553.2031,          9476.0221,          9771.1758,          8316.1145,         13279.1117,         11964.8269,          8156.1871,         10449.7827,         10335.2448,             0.0000,         13603.6194,         13408.6168,         11487.9868,         12193.8967,             0.0000,        330226.8987,         11605.4554,         11837.6354,          9733.1472,          3855.0533,          9640.4349,          6452.8456,          7063.0652,        414028.6300,        408778.7770,        401309.2292,        404300.2359,        408247.7204,          7601.0740,          5442.8358,         11632.3602,          8975.3946,             0.0000,          9778.5943,         13428.4723,         11327.8817,          7586.3918,        120188.7257,          2769.7849,        818896.7441,         10216.5030,          7428.1109,          9019.9773,         11493.4957,         13779.5256,          4852.3589,          6824.0319,          6338.7251,             0.0000,         11512.7164,         13224.5487,          7180.6552,          8232.8738,             0.0000,        334420.1771,          8254.5875,         13310.2468,          6258.9089,          5406.6909,         10645.3836,           989.0672,         11457.7520,        411461.9601,        406284.3308,        398762.9970,        401657.0884,        405550.0374,         10518.3552,         13407.0808,          7091.8406,             0.0000,         10998.6677,         12723.8659,         10042.7226,          1147.5786,        122005.8275,          5177.7547,        814230.2145,          8200.0917,          4026.1898,         12266.1585,          8647.5732,         12520.0335,          4732.8893,          1825.2228,          1795.7755,             0.0000,          7429.3519,          8771.5915,          2097.9993,          3878.8569,             0.0000,        338914.5931,          1019.6175,         12177.1630,          2926.0112,          9324.1572,         12645.1352,          6625.3402,         13238.3991,        405937.3769,        400733.3363,        393184.5961,        396162.2707,        399964.7997,         10716.9170,          7681.3431,             0.0000,         11504.2196,         12390.0122,          8525.6905,         10895.9591,        124341.5177,          6970.5579,        821126.3142,          8313.7693,          8445.5935,          9581.8714,         13533.1214,         12432.4487,          6834.0094,          9354.5552,          9297.7840,             0.0000,         13613.8309,         13113.5709,         10860.3867,         11841.0352,             0.0000,        331887.0157,         10714.3122,         12388.7655,          8526.0381,          2110.9854,         10818.2538,          5837.3317,          7560.5202,        412316.6404,        407070.0911,        399602.6426,        402585.3213,        406541.1280,         13358.9761,             0.0000,          5334.5705,          4517.4791,         11656.6914,         13096.2639,        120094.7813,         12798.9001,        811821.3043,         12895.6252,         13892.0832,          4120.3801,          8479.3761,          5947.0812,         13531.6308,         13731.4597,         13638.4335,             0.0000,          9787.3132,         10547.5087,         12764.7961,         11866.0713,             0.0000,        325611.4622,         13261.1655,          5144.5495,         13802.6499,         11926.2479,          2364.8714,         11749.3116,          7381.6574,        417747.2522,        412444.0895,        404935.7165,        408075.7178,        411875.9072,             0.0000,         13717.5167,         12305.4161,          4255.4920,          8068.7269,        127985.6518,          7699.8791,        818389.1023,          1806.3083,          3501.2230,         13510.8909,         12464.9472,         11490.9247,          5224.7835,          5825.1675,          6421.6799,             0.0000,         11516.7934,          8815.7778,          8763.5605,         10131.5537,             0.0000,        337201.2715,          6658.0751,         11827.7050,          5264.7753,          5965.8736,         13729.8874,          8383.5031,          9289.1751,        405627.0420,        400343.6479,        392869.0628,        395936.5255,        399841.6642,             0.0000,             0.0000,             0.0000,             0.0000,             0.0000,             0.0000,             0.0000,             0.0000,             0.0000,             0.0000,             0.0000,             0.0000,             0.0000,             0.0000,             0.0000,             0.0000,             0.0000,             0.0000,             0.0000,             0.0000,             0.0000,             0.0000,             0.0000,             0.0000,             0.0000,             0.0000,             0.0000,             0.0000,             0.0000,             0.0000,             0.0000,             0.0000,             0.0000,             0.0000,          7547.0551,         13558.2542,         10294.9267,        116246.6314,         10602.3806,        810439.2526,         13834.3612,         12867.9791,          3401.5732,          5515.9236,          8894.9774,         12140.2077,         11774.6083,         11444.1986,             0.0000,          7129.3841,         10886.7677,          9639.8819,          8289.4326,             0.0000,        328659.8262,         11130.8348,          7711.8562,         12098.4792,         12373.8564,          3170.5131,          9755.4728,         11220.2599,        416478.4704,        411247.0335,        403690.1975,        406730.8703,        410483.4050,          9948.3526,         12552.8109,        122683.7983,         13745.0748,        809756.5525,         11417.7839,         13179.5361,          7945.3740,          7384.8267,          1701.2076,         13764.4995,         13242.1400,         13361.6857,             0.0000,          8161.4153,          7062.1207,         12507.5235,         11540.3549,             0.0000,        327592.8373,         12253.5067,           828.4923,         13506.4539,         12966.6072,          5975.5438,         13233.6190,          7444.7695,        414677.0710,        409334.2142,        401829.3529,        405051.0105,        408817.9622,         10793.8207,        129394.5649,         10770.2155,        817222.9441,          2601.6531,          7369.0341,         13050.5255,         12514.9336,          8818.5808,          8846.9804,          9265.0232,          9806.7339,             0.0000,         11850.8614,          7627.4397,         11380.6220,         12131.6641,             0.0000,        334066.9176,          9419.3337,          9531.3195,          8927.0886,          7618.2903,         12725.1574,         10931.8769,          6343.7107,        407556.2067,        402214.1451,        394762.5434,        397929.5356,        401829.9768,        120909.4997,          5310.6450,        813494.9181,          9108.4548,          5091.5886,         11779.5971,          7917.1031,         12482.3740,          5435.9258,          2814.8781,          2538.7790,             0.0000,          6770.6017,          8935.4513,          1029.8604,          2789.8010,             0.0000,        338534.4547,          1830.0845,         12027.1033,          3835.6995,          9879.6591,         12166.2456,          6634.8617,         13560.5726,        406604.5634,        401408.8833,        393850.6252,        396820.7494,        400607.5470,        120977.7355,        773119.0833,        128858.2426,        125372.5487,        117375.7252,        118210.6815,        124237.6953,        123674.2563,        123100.2321,        122391.8840,             0.0000,        119341.9244,        125326.3392,        119946.2589,        118686.3748,             0.0000,        330022.5851,        122693.1383,        122946.6744,        123574.7484,        125320.5354,        118045.3429,        120428.3430,        126847.0692,        486402.7703,        482388.4704,        474179.2473,        475701.6741,        478397.6546,        818035.4059,          9157.0226,          5297.0611,         10603.7164,         10932.3192,         13873.6920,          2793.6642,          4281.4203,          3734.1940,             0.0000,         10516.7468,         12106.8487,          5083.2127,          6643.5995,             0.0000,        336796.8672,          5925.7004,         13463.2076,          3769.2602,          6111.6585,         11857.2624,          1829.9089,         12328.9392,        408911.9108,        403735.6587,        396205.1843,        399106.1906,        402979.0761,        817737.1198,        817401.8556,        813160.7632,        807800.8398,        810088.1196,        818694.5888,        815999.9399,        815980.5040,             0.0000,        808047.1532,        809849.6743,        813320.1610,        811452.1105,             0.0000,        846588.6192,        813851.7858,        809643.3405,        817076.7111,        821262.6409,        811445.2739,        818390.6510,        817043.0659,        942455.9597,        938998.6808,        932946.7552,        938470.8440,        933867.2633,          5052.0566,         13598.4100,         12442.3107,         10424.1005,          6867.2125,          7198.0878,          7810.6192,             0.0000,         11527.9838,          7959.7781,          9806.1052,         10909.8120,             0.0000,        336308.0893,          7614.6790,         10926.6242,          6796.4073,          6872.4365,         13550.1563,          9676.5812,          8347.7253,        405917.9025,        400607.3085,        393141.9725,        396256.9679,        400157.0066,         13204.3678,         11293.9265,         12658.7595,          2858.3246,          2471.3671,          3104.0370,             0.0000,         10198.9326,          9275.9311,          5827.3591,          7572.4024,             0.0000,        338803.8632,          3875.0015,         12666.5152,          1924.7271,          6723.0639,         13670.8390,          6586.3193,         11535.8788,        405166.9208,        399932.5110,        392424.0874,        395423.6663,        399295.6055,          8443.9825,          9271.9389,         12095.3138,         12567.0407,         12256.0211,             0.0000,          9832.6338,         12278.7337,         11190.1643,         10370.2944,             0.0000,        326909.2916,         12437.3236,          8324.5196,         12588.6088,         10927.9205,          2324.2656,          9299.8736,          9484.7945,        417972.8094,        412730.9007,        405200.9549,        408234.6914,        412043.9349,          8008.6478,         11693.9535,         10007.5965,          9875.8390,             0.0000,          1891.0539,          7151.0987,          7570.3130,          5741.5267,             0.0000,        332532.1305,          8435.4129,          6986.1058,         10752.9091,         13588.2943,          7467.0610,         10990.0093,         12539.5279,        411954.5753,        406706.0082,        399135.1869,        402228.5744,        405928.1077,         13550.3196,         12958.2814,         13173.8836,             0.0000,          8417.5415,          6013.0464,         12576.8489,         11780.6307,             0.0000,        328486.2295,         11940.2713,          1296.4147,         13210.4596,         12795.6991,          7470.3126,         13514.4854,          7059.0847,        413335.8304,        407978.1362,        400482.8418,        403726.4482,        407501.5632,          3089.2726,          3049.3780,             0.0000,         10952.7133,         11147.1027,          5734.3324,          7576.6709,             0.0000,        337879.4892,          5147.7366,         13386.8180,          2031.6761,          5263.7489,         13025.6750,          4054.3118,         11665.5538,        406944.7998,        401740.2799,        394228.2205,        397169.3627,        401060.5579,           770.1656,             0.0000,          8901.9712,          9464.7398,          3510.0757,          5453.6091,             0.0000,        339026.9757,          2208.7600,         12730.1391,          1128.2455,          7938.1465,         13116.7138,          5853.4989,         12710.4220,        405690.7147,        400484.0376,        392950.5048,        395917.9993,        399755.5386,             0.0000,          8854.7589,          9878.8217,          3056.5675,          5083.1094,             0.0000,        338864.4378,          2484.7505,         12877.1738,          1399.3039,          7978.4083,         12902.2331,          5354.4036,         12929.7007,        406133.0258,        400936.1646,        393397.8044,        396349.8437,        400184.8707,             0.0000,             0.0000,             0.0000,             0.0000,             0.0000,             0.0000,             0.0000,             0.0000,             0.0000,             0.0000,             0.0000,             0.0000,             0.0000,             0.0000,             0.0000,             0.0000,             0.0000,             0.0000,          6100.3800,          6608.7542,          4900.6807,             0.0000,        334235.9839,          7092.7176,          7609.2420,          9751.1179,         13375.8753,          8977.2346,         10875.7571,         12830.9013,        410067.0829,        404817.3157,        397247.5443,        400342.8128,        404044.2249,          9413.6078,          8936.4569,             0.0000,        334444.4364,          7896.4824,          6243.9658,         10019.2584,         12527.1788,         11084.5636,         12571.7992,         10204.9565,        407700.0749,        402370.9972,        394854.4958,        398061.0850,        401814.9797,          2119.4940,             0.0000,        338026.2322,          2819.7876,         12027.3017,          4399.1000,         10004.6877,         11673.6077,          6267.2434,         13695.9982,        407420.8396,        402234.4815,        394670.7486,        397627.0880,        401409.0743,             0.0000,        336909.2130,          4222.3334,         11074.1854,          6346.6509,         11274.7401,         10616.6088,          7437.8259,         13849.1600,        408591.6313,        403400.6881,        395825.6697,        398803.2785,        402551.9648,             0.0000,             0.0000,             0.0000,             0.0000,             0.0000,             0.0000,             0.0000,             0.0000,             0.0000,             0.0000,             0.0000,             0.0000,             0.0000,        338849.3538,        328372.9908,        338834.3448,        333877.9753,        326398.2500,        335113.7727,        327974.5965,        730150.4218,        723864.5822,        716999.5327,        721715.1957,        725650.2461,         11665.1687,          3273.4274,          9486.3518,         12645.4721,          7294.0921,         12887.7742,        405628.0208,        400409.3281,        392864.8297,        395868.6134,        399667.3775,         13031.2942,         12832.7752,          6429.7780,         13056.9649,          7594.2941,        413874.5869,        408532.7504,        401025.9449,        404247.7240,        408011.0189,          7000.4705,         13257.8357,          5325.6733,         12343.4572,        405853.7766,        400646.3096,        393121.9328,        396081.7211,        399940.7600,         12011.7458,          5501.5126,          8321.5179,        410208.6247,        404964.0298,        397495.5683,        400475.7636,        404431.4776,         10773.4197,          9083.9634,        417840.6297,        412571.6983,        405042.6064,        408132.1510,        411916.0871,         11528.6147,        410652.5277,        405472.8958,        397948.0251,        400849.9101,        404732.7522,        413869.2646,        408518.9590,        401074.2150,        404250.0619,        408157.0622,          8217.8404,         13602.1870,         11840.2014,         12160.1840,          8589.9584,         13704.9030,         15598.3011,         11009.6994,         13482.6802,          8589.9584,
   82800.000,      0.0000,             0.0000,             0.0000,             0.0000,             0.0000,             0.0000,             0.0000,             0.0000,             0.0000,             0.0000,             0.0000,             0.0000,             0.0000,             0.0000,             0.0000,             0.0000,             0.0000,             0.0000,             0.0000,             0.0000,             0.0000,             0.0000,             0.0000,             0.0000,             0.0000,             0.0000,             0.0000,             0.0000,             0.0000,             0.0000,             0.0000,             0.0000,             0.0000,             0.0000,             0.0000,             0.0000,             0.0000,             0.0000,             0.0000,             0.0000,             0.0000,             0.0000,             0.0000,             0.0000,          1594.9292,         13111.1984,          9563.2526,         10607.0742,          3335.3392,          9568.7694,          7362.4884,          9650.6462,             0.0000,          8815.0524,          7699.0894,         11800.8982,          2484.5400,        129338.1855,          6873.9801,        812271.7199,         10719.1680,         11962.5518,          6838.3925,          8071.5643,          9279.4462,         11769.3574,          4793.0807,          4549.9205,             0.0000,          8317.9685,          6374.2922,          2019.4260,          4720.0475,             0.0000,        332982.3953,          2613.4170,          6742.8935,         11064.7599,         13533.8996,          6176.3476,          9927.4141,         13664.1223,        409870.8910,        405844.5791,        396768.1701,        400376.4101,        402614.7001,         13249.4615,         10371.0046,         11550.8194,          4629.1322,         10505.5367,          6727.0206,         10643.2796,             0.0000,          7680.6497,          6418.8091,         12127.5933,          3737.9371,        129255.7577,          8098.1082,        813805.5930,         11494.8229,         12294.1488,          7158.7671,          6868.0911,          8042.5982,         12388.7447,          6112.4036,          5874.4992,             0.0000,          7352.5943,          5995.6492,          2961.9456,          4470.6297,             0.0000,        331466.2054,          3879.5004,          5530.2169,         11640.0983,         13785.9536,          5998.8478,         10825.7266,         13726.6533,        408767.7630,        404751.7303,        395681.2938,        399260.5906,        401494.6001,          6719.5701,          7147.3926,         12968.5183,          7097.1681,         10045.6280,          9700.0570,             0.0000,         10423.6678,         11407.3634,          9597.6874,         13199.5418,        117477.8217,         11553.6928,        811067.5937,          9460.2831,          9325.8441,          9306.3854,         12829.0724,         10986.0055,          8302.0963,         12456.6150,         12589.3097,             0.0000,         13015.7937,         13672.9053,         13414.8413,         13833.5443,             0.0000,        333119.2593,         12919.4986,         11298.1825,          9869.9095,          4021.2802,         10243.0155,          9130.6073,          2265.8101,        412566.6134,        408692.8888,        399570.5416,        403134.0318,        405076.7189,          4412.5533,          9192.6224,          1447.1517,          8712.0890,          7473.6998,             0.0000,         11267.0755,         11576.7376,         10962.5075,          9538.3984,        123244.4983,          7914.5166,        806967.3146,          8716.8873,         10824.1559,          5303.0308,         13494.1315,         12395.2218,          8844.8393,          8523.9962,          8659.2969,             0.0000,         13683.2905,         12765.3289,         10091.1546,         12082.7460,             0.0000,        337598.0966,          9254.4751,         10792.6148,         10026.4439,          8380.9503,          7351.9723,          7481.2212,          8322.6679,        412622.6163,        408657.9092,        399526.2426,        403220.0776,        405277.5227,          8909.5006,          3124.4689,         11704.0017,          3849.2307,             0.0000,         13230.4643,         13401.2565,          7732.0859,          9575.2432,        121171.1558,          5986.5714,        806573.1058,          4892.1570,          7569.1979,          8932.5704,         13688.9773,         13747.5188,          5050.5925,          7678.4591,          7917.6899,             0.0000,         13292.9514,         11894.3142,         10268.4848,         11606.8677,             0.0000,        337777.1000,          9247.3821,         12813.2322,          6472.1856,          6433.4348,         10563.5231,          3737.7857,          7677.0619,        416618.9674,        412663.5994,        403542.9812,        407192.6071,        409254.8024,          8693.3094,          9828.0401,          7078.9712,             0.0000,         11075.4823,         10142.4804,          9871.2313,           954.8934,        128171.3763,          3891.9005,        810487.0749,          8272.6138,         10059.4043,          8388.4455,          9343.9789,         11268.0701,          9657.4823,          1637.5478,          1359.0174,             0.0000,          8939.4910,          5968.6027,          1911.0672,          4554.8475,             0.0000,        334606.4241,           749.8837,          9336.4655,          8752.9668,         12546.8580,          8489.6235,          7501.2258,         13265.7886,        413201.4100,        409172.8031,        400095.6491,        403708.3207,        405947.7037,          9688.8426,          6209.5743,             0.0000,         12015.8288,         12225.0626,         10107.4907,          9168.3259,        123023.7142,          6887.3105,        806469.6103,          7558.6556,          9974.1711,          6323.6779,         13616.2801,         12966.8035,          7813.4414,          7804.4704,          7976.8262,             0.0000,         13612.7992,         12402.4840,          9815.7556,         11765.6857,             0.0000,        338050.1419,          8865.5092,         11459.5152,          8997.5217,          8042.7169,          8283.5570,          6266.1615,          8409.6668,        413968.5021,        409999.3713,        400870.5505,        404560.8876,        406629.1908,         12816.5319,             0.0000,          4079.9521,          4261.8914,         13895.3638,          9315.5092,        126511.9876,         11688.6810,        814301.5313,         13501.4269,         13892.1473,          4236.1856,          8771.8891,          5979.1763,         13608.0160,         10608.9845,         10505.0673,             0.0000,         10067.9305,         10839.2100,          8980.7696,         10074.0937,             0.0000,        330748.9375,          9250.6983,          3362.3088,         13816.5045,         12412.9184,          2295.1295,         12724.0192,         11206.2425,        405324.3861,        401365.6285,        392265.7359,        395860.6034,        397965.7591,             0.0000,         13722.6572,         13530.9674,          5572.6747,          7897.7821,        122109.7101,          3466.9907,        807774.3111,          2065.0327,          5569.9348,         10599.4247,         12463.2476,         13782.6246,          3586.9125,          5648.7268,          5918.3521,             0.0000,         11624.7090,          9511.9944,          8609.9912,          9398.0341,             0.0000,        336685.1379,          7590.1502,         13015.0959,          3736.9937,          7771.5102,         11724.1522,           811.8357,          9512.8374,        418108.9512,        414136.8903,        405038.4862,        408642.8819,        410766.1024,             0.0000,             0.0000,             0.0000,             0.0000,             0.0000,             0.0000,             0.0000,             0.0000,             0.0000,             0.0000,             0.0000,             0.0000,             0.0000,             0.0000,             0.0000,             0.0000,             0.0000,             0.0000,             0.0000,             0.0000,             0.0000,             0.0000,             0.0000,             0.0000,             0.0000,             0.0000,             0.0000,             0.0000,             0.0000,             0.0000,             0.0000,             0.0000,             0.0000,             0.0000,          1600.3634,         13132.8177,         10512.8069,        124710.7865,         12936.2778,        817879.8806,         13831.1922,         13154.8551,          7896.4749,          6061.9149,          2063.5817,         13670.8928,         11951.6593,         11841.5688,             0.0000,          7637.4617,          9750.0854,          9930.1496,          9600.6986,             0.0000,        327001.8468,         10470.9881,          2324.5268,         13609.3506,         12167.0247,          6109.6921,         13458.4538,         10856.4062,        405178.8287,        401257.1082,        392178.8067,        395670.1294,        397758.2680,         13101.9660,          9494.0969,        125914.9201,         12385.8895,        817904.3224,         13720.5932,         13167.0095,          7937.9945,          5146.0615,          2275.4790,         13756.2376,         11177.4531,         11037.1213,             0.0000,          6793.7515,          8696.0374,          8817.4986,          8421.9485,             0.0000,        327084.8543,          9492.8357,          1237.3558,         13477.4686,         12848.5337,          5974.4953,         13335.4324,         11785.2562,        405337.2261,        401397.2868,        392325.5963,        395819.2334,        397944.3280,         10381.3878,        118652.6543,          7677.9530,        812315.3997,          3666.3407,           373.1020,         13269.9563,         10629.7181,         12441.8283,          3017.6997,          9077.2441,          9244.4822,             0.0000,          9414.2919,          8591.2258,         10620.3039,          9525.5503,             0.0000,        331950.1762,         10137.4249,         13094.0317,          1995.5095,          6306.8978,         13697.3230,          4917.9065,          8199.3467,        418281.7051,        414368.1530,        405293.5316,        408763.6041,        410842.6828,        128621.9849,          4808.4745,        811172.8627,          9012.2701,         10573.9351,          8184.2559,          8801.3276,         10713.4549,         10314.2295,          2582.3390,          2307.5995,             0.0000,          8521.2660,          5680.4201,          1011.4371,          4101.9660,             0.0000,        333981.8389,           328.6540,          8673.3087,          9397.0833,         12952.2042,          8048.1496,          8273.2031,         13526.5421,        412330.6101,        408301.1362,        399226.7037,        402832.9598,        405078.2639,        125445.3602,        834217.5212,        120484.8546,        118390.8398,        126760.7830,        124907.3867,        124027.8381,        118800.5020,        127261.6477,        127467.2107,             0.0000,        124366.1530,        126039.7675,        128792.7556,        127410.1880,             0.0000,        331091.2246,        128349.5809,        126580.1130,        119868.5896,        116096.6143,        127438.4990,        121404.5525,        116165.6962,        476157.3343,        473640.2845,        464697.7146,        466944.8095,        466900.9489,        808247.4051,          5029.6765,          7804.7798,          9463.7454,         11387.7845,         13092.0530,          6662.7323,          2307.4065,          2591.3136,             0.0000,         10662.1146,          7850.1407,          5664.6778,          7175.7495,             0.0000,        336525.8184,          4526.0192,         11689.4004,          6037.1039,         10397.4903,         10314.5499,          4082.4835,         11679.8905,        416362.3768,        412352.8921,        403263.0412,        406887.8228,        409078.5726,        809001.6555,        812188.8066,        810123.5593,        819277.3501,        819196.5399,        809606.3875,        809311.4613,        809480.6946,             0.0000,        818851.0606,        815938.9218,        812138.7901,        814907.4080,             0.0000,       1143614.3960,        811027.2884,        816825.3691,        810603.3320,        811138.9060,        812243.8117,        808240.6066,        812198.6414,       1075515.5790,       1070582.6905,       1062266.0705,       1071517.5299,       1073261.1816,          3640.2571,         11791.9770,         12137.5043,         13633.0352,          1850.5961,          7020.7180,          7262.5122,             0.0000,         11132.2405,          9375.8797,          9572.9611,          9657.1718,             0.0000,        335352.3466,          8719.8594,         13381.8330,          1827.5083,          6792.5614,         12720.3990,          1460.2534,          8796.8204,        418744.8880,        414795.4448,        405703.7507,        409262.6065,        411364.7389,         13235.9275,         10806.7975,         12493.2442,          2808.3018,          9244.6244,          9416.7177,             0.0000,          9631.4251,          8879.0656,         10824.0592,          9792.3011,             0.0000,        332053.1911,         10323.8698,         13159.8486,          2075.0334,          5972.9012,         13701.1169,          4883.5614,          7904.7064,        418299.9537,        414389.4759,        405312.8303,        408785.0858,        410856.4029,         11229.0548,          9499.0492,         12145.5558,          8697.4300,          8659.1642,             0.0000,         12014.1218,         11564.9089,          8316.9561,         10512.9873,             0.0000,        334869.4961,          8036.5914,          6883.8425,         12638.4985,         11599.0552,          2305.8835,         10674.0505,         10865.7366,        407986.2089,        404000.3442,        394882.6625,        398560.6208,        400673.3360,          4503.8521,         12282.4066,         10331.1055,         10195.3394,             0.0000,          1836.7369,          4987.8518,          8008.9465,          5681.7105,             0.0000,        325582.0574,          8828.8126,          5713.0727,         11312.6496,         12646.7540,          9746.4247,         12222.7633,         12353.5172,        408723.1747,        404786.5540,        395742.5985,        399156.3025,        401320.6730,         13423.4921,         12158.6083,         12047.5702,             0.0000,          6112.0514,          8822.3095,         10049.9721,          9014.6753,             0.0000,        325604.5365,         10683.7740,          3425.9088,         13143.7995,         12131.4640,          7795.6068,         13466.5520,         10995.1813,        405902.3027,        401991.0049,        392925.4171,        396369.6431,        398463.4263,          8527.2412,          8754.3590,             0.0000,         11337.3256,         10167.0485,         10786.1710,         10637.2914,             0.0000,        334621.1380,         10017.8789,         13534.1663,          2129.5766,          5177.9486,         13060.7532,          2806.0279,          7356.9523,        418660.3680,        414735.6703,        405641.4596,        409179.1838,        411241.7255,           287.2786,             0.0000,          9782.1437,          6786.3773,          3516.2720,          5670.4197,             0.0000,        335663.6334,          2327.6941,         10393.5385,          7721.2971,         11775.9436,          9181.7718,          6158.9519,         12722.5014,        414564.4951,        410539.8933,        401456.7005,        405081.2368,        407304.6867,             0.0000,          9667.1286,          6655.5138,          3249.4665,          5484.5843,             0.0000,        335519.3627,          2061.6316,         10246.6324,          7924.7786,         11953.0438,          9083.2187,          6416.7265,         12863.0160,        414348.3282,        410322.2015,        401240.0968,        404863.4607,        407090.9001,             0.0000,             0.0000,             0.0000,             0.0000,             0.0000,             0.0000,             0.0000,             0.0000,             0.0000,             0.0000,             0.0000,             0.0000,             0.0000,             0.0000,             0.0000,             0.0000,             0.0000,             0.0000,          3776.4018,          7802.3748,          4971.7418,             0.0000,        325954.5834,          8535.1075,          7231.0285,         10140.2018,         12266.4866,         10783.8653,         11377.2663,         12315.2866,        410462.4746,        406524.5007,        397484.7455,        400888.5060,        403061.0734,          5086.1503,          1819.5450,             0.0000,        329024.4826,          5721.6312,          8598.2857,          8630.2466,         12556.7473,         10752.7982,          9488.5509,         13152.6271,        412629.5989,        408649.5840,        399605.1840,        403069.9234,        405294.3407,          3392.8752,             0.0000,        333052.1860,          1245.4250,          8036.0403,          9802.7422,         13230.5264,          7897.0352,          8922.6293,         13695.2781,        411637.9822,        407611.6711,        398542.0659,        402131.1516,        404380.1420,             0.0000,        330182.7364,          4203.6889,          8083.3604,          9241.5192,         13079.0884,          9710.3588,          9501.5397,         13602.1657,        411996.9303,        407997.0128,        398946.4538,        402451.5068,        404694.2977,             0.0000,             0.0000,             0.0000,             0.0000,             0.0000,             0.0000,             0.0000,             0.0000,             0.0000,             0.0000,             0.0000,             0.0000,             0.0000,        334093.4882,        328223.4108,        333735.1357,        332914.3280,        332859.7058,        336165.7802,        331889.3151,        399417.7230,        399320.8765,        395017.9839,        389726.3847,        390320.3800,          8673.4910,          9133.3464,         12656.9135,          7969.1610,          7963.8075,         13248.4637,        412483.4249,        408456.6607,        399380.6697,        402987.9416,        405226.8565,         13286.7613,         12836.2488,          4852.5996,         12879.8937,         11849.4101,        405540.6533,        401586.6941,        392510.0433,        396033.5868,        398170.5054,          6840.5336,         13290.2462,          3170.0891,          8843.7867,        418747.3963,        414810.6267,        405729.5144,        409243.9651,        411345.5597,         12461.4623,          7020.6959,          2449.8071,        415932.4899,        412061.1322,        402953.2086,        406471.4677,        408434.4761,         11757.1276,         11568.8052,        406479.8791,        402496.5304,        393390.5502,        397031.6351,        399161.1026,          8821.9774,        418043.9242,        414082.8119,        404984.8887,        408575.1169,        410683.6196,        413727.4654,        409868.7956,        400757.2822,        404272.5456,        406211.4961,          6915.4100,         14449.7812,         10804.9377,         11592.0373,          9501.0768,          9874.7878,         14917.7677,         10615.5641,         15719.7248,          9501.0768,
   86400.000,      0.0000,             0.0000,             0.0000,             0.0000,             0.0000,             0.0000,             0.0000,             0.0000,             0.0000,             0.0000,             0.0000,             0.0000,             0.0000,             0.0000,             0.0000,             0.0000,             0.0000,             0.0000,             0.0000,             0.0000,             0.0000,             0.0000,             0.0000,             0.0000,             0.0000,             0.0000,             0.0000,             0.0000,             0.0000,             0.0000,             0.0000,             0.0000,             0.0000,             0.0000,             0.0000,             0.0000,             0.0000,             0.0000,             0.0000,             0.0000,             0.0000,             0.0000,             0.0000,             0.0000,          2268.4076,         11102.7897,          9903.3541,         13545.1227,          4710.1902,          9937.2743,          5055.2185,          9278.3088,             0.0000,          9319.6076,          1739.9272,         11760.4905,          4515.2464,        117671.7905,         11145.1112,        812659.7433,         10545.1060,         12784.0656,          8742.0343,          9347.2625,          2951.8811,         13537.4374,          6143.0897,          6568.0602,             0.0000,          9683.8339,          5337.4904,          5341.0476,          8683.7897,             0.0000,        336483.8303,          3147.8279,          3862.4768,         13200.7919,         13709.2236,          6868.2777,         12962.3844,         12506.4378,        416655.8400,        414727.8549,        405577.5925,        410168.8650,        409314.9292,          9689.6047,          8346.5821,         12874.9782,          5737.2701,          8553.2579,          3139.8165,          8410.5810,             0.0000,         10224.2773,          2126.8551,         11441.4372,          5824.1709,        117709.8802,         11167.6153,        813812.1886,          9707.5442,         13429.7006,          6901.3229,         10792.4799,          4467.3847,         13733.5949,          6636.2568,          7122.5244,             0.0000,         11132.0306,          5977.8300,          6923.8973,         10178.6130,             0.0000,        337866.3111,          4835.3496,          2009.9238,         13575.6342,         13851.3474,          4893.6175,         13192.8319,         11425.9152,        415431.6331,        413498.6630,        404376.6624,        408932.8645,        408061.7090,          5553.2583,          6289.5744,         12448.2647,          6590.2001,          7359.9488,          9072.8651,             0.0000,         10932.7220,         10267.9864,          9932.7993,         12704.8753,        125021.7245,         11170.3509,        813594.3384,          8659.4265,         11908.5343,          3563.3697,         12902.1789,         11319.1120,         10347.6990,         12119.0923,         12305.4528,             0.0000,         13140.2966,         12160.0198,         13233.0404,         13827.6960,             0.0000,        336310.1729,         12336.3157,          8128.8855,         11215.6399,          9629.0665,          5572.2725,         10535.6802,          2678.4697,        407487.3069,        405486.1396,        396344.1194,        400900.6481,        400161.5157,          7353.8271,          9616.8080,          1260.2597,          7346.1521,          4176.4901,             0.0000,         13328.9825,          9851.7005,          6767.8661,         10153.8376,        120048.6343,          7960.6686,        818154.5597,          4126.6699,         11986.9749,          4516.4505,         13867.7068,         11467.8738,         10653.9073,          8641.2050,          8833.9570,             0.0000,         13809.6526,          8919.2457,         11055.1583,         12486.3015,             0.0000,        335900.8591,         10363.2348,          7710.4852,         11001.2045,         11092.3511,          5768.8459,         10163.6783,          6594.8426,        407124.5070,        405192.1900,        396084.9439,        400624.5261,        399741.9061,         12846.0998,          7420.9833,         11808.6406,          8684.2926,             0.0000,         11620.2692,         13361.3183,          6474.0651,         13101.2204,        126192.2837,          7943.8044,        814364.7521,          7313.6481,          7681.0632,          8837.4734,         12058.0498,         13753.9553,          5231.6385,         12023.2607,         11924.7910,             0.0000,         11821.0175,         12425.9171,         13131.2382,         12050.1595,             0.0000,        330299.4400,         13301.8592,         12062.0127,          6362.1443,          5072.3872,         10485.6837,          5583.3073,          4025.3633,        404092.8108,        402115.9848,        392901.8395,        397552.3768,        396840.5913,          9055.6702,          8390.9757,          7056.7466,             0.0000,         11134.3125,          6296.3243,          8985.5389,           762.7318,        115985.4585,          7812.6395,        815341.9623,          8348.9821,         10939.8167,         10584.1641,          9527.5867,          6731.2524,         11906.9224,          1890.5654,          2178.2086,             0.0000,          9333.2028,          1088.2612,          2186.6776,          6058.6983,             0.0000,        333137.5114,          2102.1563,          7362.0003,         11186.4288,         12819.0383,          9410.7055,         10957.9906,         13191.7060,        414473.6085,        412589.8092,        403420.7785,        408050.4974,        407144.0400,          7998.0807,          3010.9860,             0.0000,         13597.2031,         10101.2253,          5779.7504,          9635.0879,        119384.2131,          6928.2307,        818736.8155,          2932.4293,         11550.1108,          5637.9002,         13765.6092,         11646.9267,         10295.2207,          7890.4274,          8037.9847,             0.0000,         13617.7841,          8270.6488,         10519.8487,         11902.0060,             0.0000,        335070.7927,         10026.6586,          8197.2011,         10515.3405,         10979.2237,          6650.2537,          9671.0565,          7317.3602,        406949.5365,        405030.7638,        395917.8212,        400468.9627,        399569.7250,          8955.2799,             0.0000,         10132.9593,          3918.3964,         11862.5779,          8531.4926,        119844.0086,         12081.4059,        813306.7290,          9913.1202,         13889.9596,          4399.1100,         11700.8161,          5979.6624,         13684.9269,          8930.9745,          9370.9584,             0.0000,         12153.1386,          8458.7411,          9490.6301,         12051.9325,             0.0000,        339088.6423,          7608.6477,          1194.3144,         13854.6461,         13436.3157,          2161.8579,         13377.3399,          9505.4087,        414034.7039,        412071.5737,        402961.7218,        407493.0888,        406660.3781,             0.0000,         13740.9107,          9950.7453,          4468.3826,          7712.1454,        117563.7791,          4903.1279,        819285.5726,          1770.6539,         10765.2311,          7910.6129,         13057.2914,         11286.2837,         10048.8754,          5520.1567,          5571.1087,             0.0000,         12745.2467,          6108.5527,          8568.2537,         10068.3834,             0.0000,        333479.6208,          8505.5072,          8747.2356,          9853.9112,         11206.7388,          8258.3631,          9104.9810,          9504.9658,        407910.3404,        406021.2284,        396892.3659,        401472.9881,        400540.4357,             0.0000,             0.0000,             0.0000,             0.0000,             0.0000,             0.0000,             0.0000,             0.0000,             0.0000,             0.0000,             0.0000,             0.0000,             0.0000,             0.0000,             0.0000,             0.0000,             0.0000,             0.0000,             0.0000,             0.0000,             0.0000,             0.0000,             0.0000,             0.0000,             0.0000,             0.0000,             0.0000,             0.0000,             0.0000,             0.0000,             0.0000,             0.0000,             0.0000,             0.0000,          8694.2437,         13321.7084,         10702.6037,        126518.8308,         13014.8795,        805553.6887,         13843.5037,          9182.4506,         11413.6239,          4035.6123,          6970.5561,         10222.4239,         12104.7249,         12146.0466,             0.0000,          4974.8786,         11749.7946,         10047.3012,          8972.4159,             0.0000,        331575.3495,          9735.4761,          9759.9537,         10319.8579,          9090.6042,         10881.9690,         10542.6067,         10829.2565,        415002.0740,        412989.9962,        403717.0544,        408424.7682,        407821.5483,         12407.9990,          6122.4982,        118869.8524,         12012.6012,        811744.7540,         11095.6003,         13168.0906,          7908.0429,          9471.3316,          2461.6283,         13748.3784,          7580.3703,          7999.7409,             0.0000,          9960.1361,          6841.7522,          6833.2714,          9727.1459,             0.0000,        337373.5690,          4746.5251,          2818.0126,         13578.5401,         13654.3764,          5915.9673,         13321.8555,         11847.9671,        416693.3020,        414745.4784,        405598.7807,        410178.7804,        409353.5855,          9430.3738,        120396.6716,          1953.7123,        818085.3775,          3182.3666,          7511.7699,         10298.9036,         12063.8418,         13009.5535,          6483.0840,          7509.1800,          7246.0811,             0.0000,         11491.9371,          8246.6540,          9572.2184,          9063.1176,             0.0000,        329350.6623,         10340.0144,         11632.7184,          6199.6640,          8155.9682,         11104.6822,          5409.5776,          9108.0175,        405656.8672,        403759.1917,        394566.2166,        399219.8654,        398360.6655,        116259.3946,          8211.0052,        814659.6366,          8943.9631,         10844.3703,         10900.0049,          9003.1180,          6303.4239,         11958.0098,          2575.1794,          2777.6398,             0.0000,          8830.5969,          1836.9970,          1564.7960,          5659.6942,             0.0000,        332935.1565,          1574.4851,          7460.2042,         11214.5357,         12807.8055,          9665.5422,         11044.1824,         13420.5831,        415009.3331,        413121.9297,        403944.2576,        408582.8736,        407689.9188,        119481.9623,        899668.5117,        118883.7435,        125395.7781,        121900.3166,        124639.6510,        120055.1559,        126129.6656,        115763.1620,        115887.7240,             0.0000,        124366.4466,        115723.2650,        117064.6135,        120125.2473,             0.0000,        386145.0792,        116928.7349,        119269.6313,        125177.1717,        127786.3450,        120631.7622,        124841.0246,        126549.8772,        462673.4866,        461957.6483,        454090.0147,        457765.2674,        454158.0291,        817706.9975,          4247.1530,          7070.2741,         11212.0562,         11236.3180,         12414.0346,          6779.9791,          6342.9963,          5977.1108,             0.0000,         10576.0275,          7125.5186,          8191.3294,          7539.4702,             0.0000,        328650.4284,          9278.7729,         11661.8704,          6097.8340,          8606.0944,         11663.1870,          5522.8869,         10478.1011,        407009.7448,        405124.4617,        395919.4155,        400591.9226,        399723.8462,        819221.1739,        811221.8650,        814804.5324,        806895.6762,        809743.6915,        812418.2791,        816825.2568,        816838.8697,             0.0000,        807500.3181,        816286.6320,        813662.4103,        811838.5839,             0.0000,        832906.2045,        813472.6940,        813202.3540,        812676.4556,        810691.2316,        814245.6473,        813348.7117,        813172.8213,       1074625.4189,       1070301.3731,       1060235.6471,       1066503.2389,       1073438.7963,          9997.1719,          8201.3668,         13187.4693,         12264.1867,          8925.6334,          6816.1037,          6769.9301,             0.0000,         12818.3382,          7457.7025,          9589.0524,         10402.6309,             0.0000,        332460.6239,          9726.5453,          9813.9144,          8853.9478,         10147.1854,          8968.4038,          8027.4878,          8647.3966,        406402.8288,        404506.1026,        395363.4795,        399957.6867,        399050.3379,         13255.7222,          7146.0506,         12371.9975,          2749.5432,         10591.4158,         10255.9797,             0.0000,          6364.2390,         10940.3176,          9965.2689,          6658.3174,             0.0000,        325352.9042,         11200.7762,         13486.5648,          1822.0256,          3806.9216,         13734.1523,          2655.1812,         10331.7133,        408114.2761,        406165.9236,        396862.2638,        401629.6896,        400954.7181,         13157.0798,          9568.7482,         12189.3254,         10397.8408,         10718.4409,             0.0000,         13450.4177,         10291.2232,         11764.9311,         13437.6543,             0.0000,        338359.1031,         10434.8166,          5309.3443,         12718.8749,         11853.3136,          2295.3030,         12043.9180,          6029.5105,        409799.7209,        407823.6713,        398718.7753,        403240.0974,        402425.5249,          7566.9114,          9114.0885,         10454.0996,         10343.7978,             0.0000,          1074.8434,         10201.8915,          7872.8711,          5605.7295,             0.0000,        328739.3559,          8429.4649,         11017.7850,          8661.4636,          8727.7321,         12567.8929,          9104.3346,         12493.5183,        414949.3083,        412977.4299,        403680.1619,        408431.0518,        407785.4236,         13349.7082,          8271.9068,          8579.7844,             0.0000,          8171.8049,          7526.7281,          6452.1758,          8656.0265,             0.0000,        335834.3099,          4773.6855,          5008.1495,         13096.0076,         13131.9502,          7820.5356,         13007.5946,         12517.0251,        417644.2344,        415687.5574,        406503.6461,        411124.5022,        410347.3379,         11280.6780,         10993.6928,             0.0000,          8518.7218,         11711.9366,         11385.3547,          8766.6611,             0.0000,        326197.9042,         12327.5714,         13497.3087,          1432.2039,          2213.7289,         13104.1978,          1328.7933,          8410.9007,        405913.0288,        403955.1726,        394671.8477,        399411.5869,        398733.3018,           553.4375,             0.0000,         10133.8080,           902.7391,          3534.7888,          6491.9355,             0.0000,        332648.2604,          3916.0284,          8056.1574,         10555.9725,         12423.9798,          9554.0086,         10223.4910,         12716.1550,        412760.1283,        410886.0160,        401724.1040,        406349.0735,        405421.3332,             0.0000,          9970.1636,          1348.3302,          3507.2814,          6164.8223,             0.0000,        332103.9097,          4193.7975,          8505.1901,         10220.6392,         12206.0476,          9951.0230,          9906.7729,         12789.6965,        412521.1778,        410649.0875,        401480.4045,        406114.1792,        405189.5790,             0.0000,             0.0000,             0.0000,             0.0000,             0.0000,             0.0000,             0.0000,             0.0000,             0.0000,             0.0000,             0.0000,             0.0000,             0.0000,             0.0000,             0.0000,             0.0000,             0.0000,             0.0000,          9957.4326,          7613.7362,          4845.0825,             0.0000,        327935.3681,          8440.9107,         11449.8984,          7939.6539,          8338.5636,         12944.0592,          8434.6922,         12597.9575,        414364.0101,        412401.3296,        403099.1474,        407859.2479,        407203.6697,          3069.7554,          6521.7705,             0.0000,        333165.5289,          3100.1222,          7515.1968,         11012.1996,         12732.4992,          9265.7676,         10709.2819,         12884.9080,        413568.0548,        411689.6181,        402529.4085,        407150.7021,        406227.9453,          4250.8989,             0.0000,        331617.9007,          2243.3755,          8420.2512,         10538.3365,         12240.7306,         10627.1873,         10492.6227,         13702.5671,        415185.1190,        413294.3409,        404091.3157,        408758.8361,        407894.6951,             0.0000,        327809.7549,          6116.1588,         11153.9917,          7677.6428,          9714.0792,         12831.9859,          7966.7962,         13492.1609,        413566.7589,        411661.6923,        402395.2081,        407133.4118,        406352.1334,             0.0000,             0.0000,             0.0000,             0.0000,             0.0000,             0.0000,             0.0000,             0.0000,             0.0000,             0.0000,             0.0000,             0.0000,             0.0000,        333779.8775,        338485.5033,        325666.7016,        326881.4486,        339043.5790,        326326.7197,        333910.1061,        438114.5769,        437471.7002,        426789.4444,        435398.7211,        437764.3768,          6473.4641,         11692.1195,         12917.3140,          8991.7446,         11545.7029,         13214.9100,        415923.4334,        414020.7562,        404843.2725,        409475.9996,        408606.8073,         13548.9345,         13353.5348,          3171.4809,         13118.7212,         10082.7877,        414638.8603,        412684.5789,        403565.7113,        408110.7430,        407271.5322,          3398.9128,         13442.7845,           946.0945,          9483.3663,        406579.2736,        404635.7392,        395348.2104,        400098.0941,        399400.5650,         12827.9210,          3440.9497,          7548.9601,        406319.8777,        404334.7182,        395045.1147,        399782.6828,        399154.3525,         12857.0423,          7920.8792,        412004.2187,        410035.8785,        400934.3977,        405454.2397,        404623.2316,          8810.2547,        406191.6897,        404249.7066,        394976.3138,        399709.8252,        398996.5243,        405850.1386,        403844.8840,        394667.6567,        399264.4643,        398564.6135,          5458.2130,         14529.6571,          9319.2765,         10743.4501,         11362.4526,          4946.5463,         12164.0225,          8935.7893,         17148.8249,         11362.4526,
